amber
  prmtop prot_watsph.prmtop
  inpcrds {
    prot_watsph.rst7
  }
/

restart
  # 额外增加弹性网络模型
  read_indexes 0
  file mix.gz
  mixdir mix.mix
/

sbbonded
/

enm
  style 1
  k 10.0
  cutoff 10.0
  mask {
1
3
6
8
10
13
17
18
20
22
24
27
29
31
33
35
37
38
40
42
44
46
48
50
52
54
56
58
60
62
63
65
68
69
72
74
76
78
80
82
84
86
91
92
94
96
99
101
103
106
108
109
111
113
115
117
120
122
124
126
128
131
133
136
140
143
145
147
148
150
153
155
157
159
161
163
165
167
169
171
173
175
177
179
180
182
183
185
187
189
191
193
195
197
199
202
204
206
208
211
213
214
218
220
223
225
227
230
231
233
235
237
239
241
243
246
249
250
252
254
256
258
260
262
264
266
268
270
272
274
277
280
282
284
287
289
291
293
295
297
299
301
303
305
307
309
311
313
315
317
319
321
322
324
327
329
331
332
334
336
338
340
342
344
346
349
352
354
355
358
361
362
364
366
368
370
373
375
376
379
381
383
385
387
389
391
393
395
397
399
400
402
405
409
411
414
415
419
421
423
425
429
433
435
437
439
441
444
445
447
450
452
454
458
460
462
464
468
470
472
474
476
478
481
484
486
488
490
492
494
496
498
500
502
504
506
508
510
512
514
516
520
523
526
528
530
532
534
536
538
540
542
544
546
547
549
551
553
555
557
559
561
563
565
568
570
573
575
576
578
580
582
584
586
588
591
593
595
596
600
601
603
605
608
611
613
615
617
620
622
624
626
628
630
632
633
634
636
638
642
643
645
647
648
650
652
654
656
658
660
662
664
666
668
672
674
676
677
680
682
683
685
687
689
691
693
696
698
700
702
704
706
708
711
712
715
716
718
721
723
725
727
729
732
735
737
739
741
743
745
747
749
751
753
755
757
759
761
763
767
769
772
774
777
779
781
783
786
788
790
793
795
797
799
800
802
804
806
808
811
813
814
815
817
819
821
823
825
827
829
831
834
837
839
842
844
846
848
850
852
854
856
858
861
863
865
867
869
871
872
874
876
878
879
880
881
883
885
887
889
892
894
896
898
900
902
904
906
908
910
912
914
916
918
920
922
925
927
928
930
932
934
936
939
942
944
946
949
951
953
955
957
959
961
963
966
968
970
971
973
975
976
978
980
982
984
986
989
991
993
995
997
999
1001
1003
1005
1006
1010
1012
1014
1016
1018
1019
1021
1025
1027
1029
1031
1033
1035
1038
1039
1041
1043
1045
1047
1049
1052
1054
1056
1059
1061
1063
1065
1067
1069
1071
1073
1074
1076
1078
1080
1082
1084
1086
1088
1090
1092
1094
1096
1098
1100
1102
1104
1106
1108
1111
1113
1115
1118
1122
1123
1125
1127
1129
1132
1134
1136
1138
1140
1142
1143
1145
1147
1149
1151
1153
1155
1157
1159
1161
1163
1165
1167
1168
1170
1173
1174
1187
1199
1225
1291
1293
1296
1298
1299
1301
1303
1305
1307
1310
1312
1314
1316
1318
1321
1323
1326
1330
1333
1335
1337
1338
1340
1343
1345
1347
1349
1351
1353
1355
1357
1359
1361
1363
1365
1367
1369
1370
1372
1373
1375
1377
1379
1381
1383
1385
1387
1389
1392
1394
1396
1398
1401
1403
1404
1408
1410
1413
1415
1417
1420
1421
1423
1425
1427
1429
1431
1433
1436
1439
1440
1442
1444
1446
1448
1450
1452
1454
1456
1458
1460
1462
1464
1467
1470
1472
1474
1477
1479
1481
1483
1485
1487
1489
1491
1493
1495
1497
1499
1501
1503
1505
1507
1509
1511
1512
1514
1517
1519
1521
1522
1524
1526
1528
1530
1532
1534
1536
1539
1542
1544
1545
1548
1551
1552
1554
1556
1558
1560
1563
1565
1566
1569
1571
1573
1575
1577
1579
1581
1583
1585
1587
1589
1590
1592
1595
1599
1601
1604
1605
1609
1611
1613
1615
1619
1623
1625
1627
1629
1631
1634
1635
1637
1640
1642
1644
1648
1650
1652
1654
1658
1660
1662
1664
1666
1668
1671
1674
1676
1678
1680
1682
1684
1686
1688
1690
1692
1694
1696
1698
1700
1702
1704
1706
1710
1713
1716
1718
1720
1722
1724
1726
1728
1730
1732
1734
1736
1737
1739
1741
1743
1745
1747
1749
1751
1753
1755
1758
1760
1763
1765
1766
1768
1770
1772
1774
1776
1778
1781
1783
1785
1786
1790
1791
1793
1795
1798
1801
1803
1805
1807
1810
1812
1814
1816
1818
1820
1822
1823
1824
1826
1828
1832
1833
1835
1837
1838
1840
1842
1844
1846
1848
1850
1852
1854
1856
1858
1862
1864
1866
1867
1870
1872
1873
1875
1877
1879
1881
1883
1886
1888
1890
1892
1894
1896
1898
1901
1902
1905
1906
1908
1911
1913
1915
1917
1919
1922
1925
1927
1929
1931
1933
1935
1937
1939
1941
1943
1945
1947
1949
1951
1953
1957
1959
1962
1964
1967
1969
1971
1973
1976
1978
1980
1983
1985
1987
1989
1990
1992
1994
1996
1998
2001
2003
2004
2005
2007
2009
2020
2022
2024
2026
2028
2031
2034
2036
2039
2041
2043
2045
2047
2049
2051
2053
2055
2058
2060
2062
2064
2066
2068
2069
2071
2073
2075
2076
2077
2078
2080
2082
2084
2086
2089
2091
2093
2095
2097
2099
2101
2103
2105
2107
2109
2111
2113
2115
2117
2119
2122
2124
2125
2127
2129
2131
2133
2136
2139
2141
2143
2146
2148
2150
2152
2154
2156
2158
2160
2163
2165
2167
2168
2170
2172
2173
2175
2177
2179
2181
2183
2186
2188
2190
2192
2194
2196
2198
2200
2202
2203
2207
2209
2211
2213
2215
2216
2218
2222
2224
2226
2228
2230
2232
2235
2236
2238
2240
2242
2244
2246
2249
2251
2253
2256
2258
2260
2262
2264
2266
2268
2270
2271
2273
2275
2277
2279
2281
2283
2285
2287
2289
2291
2293
2295
2297
2299
2301
2303
2305
2308
2310
2312
2315
2319
2320
2322
2324
2326
2329
2331
2972
2999
3498
3500
3503
3505
3507
3510
3511
3513
3515
3517
3519
3549
4135
4138
4150
4266
4269
4271
4273
4285
4297
4299
4301
4303
4305
4306
4620
4622
4624
4628
4630
4632
4634
4636
4638
4641
4644
4646
4648
4650
4652
4654
4656
4658
4660
4662
4664
4666
4668
4670
4672
4674
4676
4680
4683
4686
4688
4690
4692
4694
4696
4698
4700
4702
4704
4706
4707
4709
4711
4713
4715
4717
4728
4730
4760
4763
4765
4766
4781
4808
4811
4813
4815
4816
4820
4821
4823
4825
4828
4831
4833
4835
4837
4840
4842
4844
4846
4848
4850
4852
4853
4854
4856
4858
4862
4863
4865
4867
4868
4870
4872
4874
4876
4878
4880
4882
4884
4886
4888
4892
4894
4896
4897
4900
4902
5019
5031
5034
5035
5038
5039
5041
5044
5046
5048
5050
5052
5055
5058
5060
5062
5064
5066
5068
5070
5072
5074
5076
5078
5080
5082
5084
5086
5090
5092
5095
5097
5100
5102
5104
5106
5109
5111
5113
5116
5118
5120
5122
5158
5184
5770
5772
5774
5776
5778
5780
5782
5784
5786
5788
5791
6878
6880
6882
6884
6886
6888
6890
6892
7048
7050
7051
7053
7055
7057
7059
7061
7063
7065
7067
7069
7071
7073
7075
7076
7078
7081
7082
7085
7087
7089
7091
7093
7095
7097
7099
7104
7105
7107
7109
7112
7114
7116
7119
7121
7122
7124
7126
7128
7130
7133
7135
7137
7139
7141
7144
7146
7164
7196
7231
7252
7254
7268
7270
7272
7274
7276
7278
7279
7281
7282
7284
7286
7288
7290
7292
7294
7296
7298
7301
7303
7312
7315
7337
7372
7568
7570
7572
7574
7576
7578
7580
7583
7586
7588
7590
7593
7595
7597
7599
7601
7603
7605
7607
7609
7611
7613
7615
7617
7619
7621
7623
7625
7627
7628
7630
7633
7635
7637
7638
7640
7642
7644
7646
7648
7650
7652
7655
7658
7660
7661
7664
7667
7668
7670
7672
7674
7676
7679
7681
7682
7685
7687
7689
7691
7693
7695
7697
7699
7701
7703
7705
7706
7708
7711
7715
7717
7720
7721
7767
7771
7773
7775
7777
7779
7782
7783
7785
7788
7790
7792
7796
7798
7800
7802
7806
7808
7810
7812
7814
7816
7833
7835
7837
7839
7841
7843
7845
7847
7849
7851
7853
7855
7857
7859
7861
7863
7865
7869
7872
7875
7877
7879
7881
7883
7885
7887
7962
7964
7975
7977
7979
7982
7984
7987
7989
7990
7992
7994
7996
7998
8000
8016
8018
8020
8021
8025
8026
8028
8030
8033
8036
8038
8040
8042
8045
8047
8049
8051
8053
8055
8057
8058
8059
8061
8063
8067
8068
8070
8072
8073
8075
8077
8079
8081
8083
8085
8087
8089
8091
8093
8097
8099
8101
8102
8105
8107
8108
8110
8112
8114
8116
8132
8134
8136
8138
8140
8142
8144
8147
8148
8151
8152
8154
8157
8159
8161
8163
8165
8168
8171
8173
8175
8177
8179
8181
8183
8185
8187
8189
8191
8193
8195
8197
8199
8203
8205
8208
8210
8213
8215
8217
8219
8222
8224
8226
8229
8231
8233
8235
8236
8238
8240
8242
8244
8247
8249
8250
8251
8253
8255
8257
8259
8261
8263
8265
8267
8270
8273
8275
8278
8280
8282
8284
8286
8288
8290
8292
8294
8297
8299
8301
8303
8305
8307
8308
8310
8312
8314
8315
8316
8317
8319
8321
8323
8325
8328
8330
8332
8334
8336
8338
8340
8342
8344
8448
8460
8462
8465
8468
8470
8472
8475
8477
8479
8481
8483
8485
8487
8489
8492
8494
8496
8497
8499
8501
8502
8504
8506
8508
8510
8512
8515
8517
8519
8521
8523
8525
8527
8529
8531
8532
8536
8538
8540
8542
8544
8545
8547
8551
8553
8555
8557
8559
8561
8564
8565
8567
8569
8571
8573
8575
8578
8580
8582
8585
8587
8589
8797
8799
8801
8803
8806
8808
8810
8813
8817
8818
8820
8822
8824
8827
8829
8831
8833
8835
8837
8838
8840
8842
8844
8846
8848
8850
8852
8854
8856
8858
8860
8862
8863
8865
8868
8869
8872
8874
8876
8878
8880
8882
8884
8886
8891
8892
8894
8896
8899
8901
8903
8906
8908
8909
8911
8913
8915
8917
8920
8922
8924
8926
8928
8931
8933
8936
8940
8943
8945
8947
8948
8950
8953
8955
8957
8959
8961
8963
8965
8967
8969
8971
8973
8975
8977
8979
8980
8982
8983
8985
8987
8989
8991
8993
8995
8997
8999
9002
9004
9006
9008
9011
9013
9014
9018
9020
9023
9025
9027
9030
9031
9033
9035
9037
9039
9041
9043
9046
9049
9050
9052
9054
9056
9058
9060
9062
9064
9066
9068
9070
9072
9074
9077
9080
9082
9084
9087
9089
9091
9093
9095
9097
9099
9101
9103
9105
9107
9109
9111
9113
9115
9117
9119
9121
9122
9124
9127
9129
9131
9132
9134
9136
9138
9140
9142
9144
9146
9149
9152
9154
9155
9158
9161
9162
9164
9166
9168
9170
9173
9175
9176
9179
9181
9183
9185
9187
9189
9191
9193
9195
9197
9199
9200
9202
9205
9209
9211
9214
9215
9219
9221
9223
9225
9229
9233
9235
9237
9239
9241
9244
9245
9247
9250
9252
9254
9258
9260
9262
9264
9268
9270
9272
9274
9276
9278
9281
9284
9286
9288
9290
9292
9294
9296
9298
9300
9302
9304
9306
9308
9310
9312
9314
9316
9320
9323
9326
9328
9330
9332
9334
9336
9338
9340
9342
9344
9346
9347
9349
9351
9353
9355
9357
9359
9361
9363
9365
9368
9370
9373
9375
9376
9378
9380
9382
9384
9386
9388
9391
9393
9395
9396
9400
9401
9403
9405
9408
9411
9413
9415
9417
9420
9422
9424
9426
9428
9430
9432
9433
9434
9436
9438
9442
9443
9445
9447
9448
9450
9452
9454
9456
9458
9460
9462
9464
9466
9468
9472
9474
9476
9477
9480
9482
9483
9485
9487
9489
9491
9493
9496
9498
9500
9502
9504
9506
9508
9511
9512
9515
9516
9518
9521
9523
9525
9527
9529
9532
9535
9537
9539
9541
9543
9545
9547
9549
9551
9553
9555
9557
9559
9561
9563
9567
9569
9572
9574
9577
9579
9581
9583
9586
9588
9590
9593
9595
9597
9599
9600
9602
9604
9606
9608
9611
9613
9614
9615
9617
9619
9621
9623
9625
9627
9629
9631
9634
9637
9639
9642
9644
9646
9648
9650
9652
9654
9656
9658
9661
9663
9665
9667
9669
9671
9672
9674
9676
9678
9679
9680
9681
9683
9685
9687
9689
9692
9694
9696
9698
9700
9702
9704
9706
9708
9710
9712
9714
9716
9718
9720
9722
9725
9727
9728
9730
9732
9734
9736
9739
9742
9744
9746
9749
9751
9753
9755
9757
9759
9761
9763
9766
9768
9770
9771
9773
9775
9776
9778
9780
9782
9784
9786
9789
9791
9793
9795
9797
9799
9801
9803
9805
9806
9810
9812
9814
9816
9818
9819
9821
9825
9827
9829
9831
9833
9835
9838
9839
9841
9843
9845
9847
9849
9852
9854
9856
9859
9861
9863
9865
9867
9869
9871
9873
9874
9876
9878
9880
9882
9884
9886
9888
9890
9892
9894
9896
9898
9900
9902
9904
9906
9908
9911
9913
9915
9918
9922
9923
9925
9927
9929
9932
9934
9936
9938
9940
9942
9943
9945
9947
9949
9951
9953
9955
9957
9959
9961
9963
9965
9967
9968
9970
9973
9974
9977
9979
9981
9983
9985
9987
9989
9991
9996
9997
9999
10001
10004
10006
10008
10011
10013
10014
10016
10018
10020
10022
10025
10027
10029
10031
10033
10036
10038
10041
10045
10048
10050
10052
10053
10055
10058
10060
10062
10064
10066
10068
10070
10072
10074
10076
10078
10080
10082
10084
10085
10087
10088
10090
10092
10094
10096
10098
10100
10102
10104
10107
10109
10111
10113
10116
10118
10119
10123
10125
10128
10130
10132
10135
10136
10138
10140
10142
10144
10146
10148
10151
10154
10155
10157
10159
10161
10163
10165
10167
10169
10171
10173
10175
10177
10179
10182
10185
10187
10189
10192
10194
10196
10198
10200
10202
10204
10206
10208
10210
10212
10214
10216
10218
10220
10222
10224
10226
10227
10229
10232
10234
10236
10237
10239
10241
10243
10245
10247
10249
10251
10254
10257
10259
10260
10263
10266
10267
10269
10271
10273
10275
10278
10280
10281
10284
10286
10288
10290
10292
10294
10296
10298
10300
10302
10304
10305
10307
10310
10314
10316
10319
10320
10324
10326
10328
10330
10334
10338
10340
10342
10344
10346
10349
10350
10352
10355
10357
10359
10363
10365
10367
10369
10373
10375
10377
10379
10381
10383
10386
10389
10391
10393
10395
10397
10399
10401
10403
10405
10407
10409
10411
10413
10415
10417
10419
10421
10425
10428
10431
10433
10435
10437
10439
10441
10443
10445
10447
10449
10451
10452
10454
10456
10458
10460
10462
10464
10466
10468
10470
10473
10475
10478
10480
10481
10483
10485
10487
10489
10491
10493
10496
10498
10500
10501
10505
10506
10508
10510
10513
10516
10518
10520
10522
10525
10527
10529
10531
10533
10535
10537
10538
10539
10541
10543
10547
10548
10550
10552
10553
10555
10557
10559
10561
10563
10565
10567
10569
10571
10573
10577
10579
10581
10582
10585
10587
10588
10590
10592
10594
10596
10598
10601
10603
10605
10607
10609
10611
10613
10616
10617
10620
10621
10623
10626
10628
10630
10632
10634
10637
10640
10642
10644
10646
10648
10650
10652
10654
10656
10658
10660
10662
10664
10666
10668
10672
10674
10677
10679
10682
10684
10686
10688
10691
10693
10695
10698
10700
10702
10704
10705
10707
10709
10711
10713
10716
10718
10719
10720
10722
10724
10726
10728
10730
10732
10734
10736
10739
10742
10744
10747
10749
10751
10753
10755
10757
10759
10761
10763
10766
10768
10770
10772
10774
10776
10777
10779
10781
10783
10784
10785
10786
10788
10790
10792
10794
10797
10799
10801
10803
10805
10807
10809
10811
10813
10815
10817
10819
10821
10823
10825
10827
10830
10832
10833
10835
10837
10839
10841
10844
10847
10849
10851
10854
10856
10858
10860
10862
10864
10866
10868
10871
10873
10875
10876
10878
10880
10881
10883
10885
10887
10889
10891
10894
10896
10898
10900
10902
10904
10906
10908
10910
10911
10915
10917
10919
10921
10923
10924
10926
10930
10932
10934
10936
10938
10940
10943
10944
10946
10948
10950
10952
10954
10957
10959
10961
10964
10966
10968
10970
10972
10974
10976
10978
10979
10981
10983
10985
10987
10989
10991
10993
10995
10997
10999
11001
11003
11005
11007
11009
11011
11013
11016
11018
11020
11023
11027
11028
11030
11032
11034
11037
11039
11041
11043
11045
11047
11048
11050
11052
11054
11056
11058
11060
11062
11064
11066
11068
11070
11072
11073
11075
11078
11079
11082
11084
11086
11088
11090
11092
11094
11096
11101
11102
11104
11106
11109
11111
11113
11116
11118
11119
11121
11123
11125
11127
11130
11132
11134
11136
11138
11141
11143
11146
11150
11153
11155
11157
11158
11160
11163
11165
11167
11169
11171
11173
11175
11177
11179
11181
11183
11185
11187
11189
11190
11192
11193
11195
11197
11199
11201
11203
11205
11207
11209
11212
11214
11216
11218
11221
11223
11224
11228
11230
11233
11235
11237
11240
11241
11243
11245
11247
11249
11251
11253
11256
11259
11260
11262
11264
11266
11268
11270
11272
11274
11276
11278
11280
11282
11284
11287
11290
11292
11294
11297
11299
11301
11303
11305
11307
11309
11311
11313
11315
11317
11319
11321
11323
11325
11327
11329
11331
11332
11334
11337
11339
11341
11342
11344
11346
11348
11350
11352
11354
11356
11359
11362
11364
11365
11368
11371
11372
11374
11376
11378
11380
11383
11385
11386
11389
11391
11393
11395
11397
11399
11401
11403
11405
11407
11409
11410
11412
11415
11419
11421
11424
11425
11429
11431
11433
11435
11439
11443
11445
11447
11449
11451
11454
11455
11457
11460
11462
11464
11468
11470
11472
11474
11478
11480
11482
11484
11486
11488
11491
11494
11496
11498
11500
11502
11504
11506
11508
11510
11512
11514
11516
11518
11520
11522
11524
11526
11530
11533
11536
11538
11540
11542
11544
11546
11548
11550
11552
11554
11556
11557
11559
11561
11563
11565
11567
11569
11571
11573
11575
11578
11580
11583
11585
11586
11588
11590
11592
11594
11596
11598
11601
11603
11605
11606
11610
11611
11613
11615
11618
11621
11623
11625
11627
11630
11632
11634
11636
11638
11640
11642
11643
11644
11646
11648
11652
11653
11655
11657
11658
11660
11662
11664
11666
11668
11670
11672
11674
11676
11678
11682
11684
11686
11687
11690
11692
11693
11695
11697
11699
11701
11703
11706
11708
11710
11712
11714
11716
11718
11721
11722
11725
11726
11728
11731
11733
11735
11737
11739
11742
11745
11747
11749
11751
11753
11755
11757
11759
11761
11763
11765
11767
11769
11771
11773
11777
11779
11782
11784
11787
11789
11791
11793
11796
11798
11800
11803
11805
11807
11809
11810
11812
11814
11816
11818
11821
11823
11824
11825
11827
11829
11831
11833
11835
11837
11839
11841
11844
11847
11849
11852
11854
11856
11858
11860
11862
11864
11866
11868
11871
11873
11875
11877
11879
11881
11882
11884
11886
11888
11889
11890
11891
11893
11895
11897
11899
11902
11904
11906
11908
11910
11912
11914
11916
11918
11920
11922
11924
11926
11928
11930
11932
11935
11937
11938
11940
11942
11944
11946
11949
11952
11954
11956
11959
11961
11963
11965
11967
11969
11971
11973
11976
11978
11980
11981
11983
11985
11986
11988
11990
11992
11994
11996
11999
12001
12003
12005
12007
12009
12011
12013
12015
12016
12020
12022
12024
12026
12028
12029
12031
12035
12037
12039
12041
12043
12045
12048
12049
12051
12053
12055
12057
12059
12062
12064
12066
12069
12071
12073
12075
12077
12079
12081
12083
12084
12086
12088
12090
12092
12094
12096
12098
12100
12102
12104
12106
12108
12110
12112
12114
  }
/
