amber
  prmtop prot_watsph.prmtop
  inpcrds {
    prot_watsph.rst7
  }
/

restart
  # 额外增加弹性网络模型
  read_indexes 0
  file mix.gz
  mixdir mix.mix
/

sbbonded
/

enm
  style 1
  k 10.0
  cutoff 10.0
  mask {
1
3
6
8
10
13
17
18
20
22
24
27
29
31
33
35
37
38
40
42
44
46
48
50
52
54
56
58
60
62
63
65
68
69
72
74
76
78
80
82
84
86
91
92
94
96
99
101
103
106
108
109
111
113
115
117
120
122
124
126
128
131
133
136
140
143
145
147
148
150
153
155
157
159
161
163
165
167
169
171
173
175
177
179
180
182
183
185
187
189
191
193
195
197
199
202
204
206
208
211
213
214
218
220
223
225
227
230
231
233
235
237
239
241
243
246
249
250
252
254
256
258
260
262
264
266
268
270
272
274
277
280
282
284
287
289
291
293
295
297
299
301
303
305
307
309
311
313
315
317
319
321
322
324
327
329
331
332
334
336
338
340
342
344
346
349
352
354
355
358
361
362
364
366
368
370
373
375
376
379
381
383
385
387
389
391
393
395
397
399
400
402
405
409
411
414
415
419
421
423
425
429
433
435
437
439
441
444
445
447
450
452
454
458
460
462
464
468
470
472
474
476
478
481
484
486
488
490
492
494
496
498
500
502
504
506
508
510
512
514
516
520
523
526
528
530
532
534
536
538
540
542
544
546
547
549
551
553
555
557
559
561
563
565
568
570
573
575
576
578
580
582
584
586
588
591
593
595
596
600
601
603
605
608
611
613
615
617
620
622
624
626
628
630
632
633
634
636
638
642
643
645
647
648
650
652
654
656
658
660
662
664
666
668
672
674
676
677
680
682
683
685
687
689
691
693
696
698
700
702
704
706
708
711
712
715
716
718
721
723
725
727
729
732
735
737
739
741
743
745
747
749
751
753
755
757
759
761
763
767
769
772
774
777
779
781
783
786
788
790
793
795
797
799
800
802
804
806
808
811
813
814
815
817
819
821
823
825
827
829
831
834
837
839
842
844
846
848
850
852
854
856
858
861
863
865
867
869
871
872
874
876
878
879
880
881
883
885
887
889
892
894
896
898
900
902
904
906
908
910
912
914
916
918
920
922
925
927
928
930
932
934
936
939
942
944
946
949
951
953
955
957
959
961
963
966
968
970
971
973
975
976
978
980
982
984
986
989
991
993
995
997
999
1001
1003
1005
1006
1010
1012
1014
1016
1018
1019
1021
1025
1027
1029
1031
1033
1035
1038
1039
1041
1043
1045
1047
1049
1052
1054
1056
1059
1061
1063
1065
1067
1069
1071
1073
1074
1076
1078
1080
1082
1084
1086
1088
1090
1092
1094
1096
1098
1100
1102
1104
1106
1108
1111
1113
1115
1118
1122
1123
1125
1127
1129
1132
1134
1136
1138
1140
1142
1143
1145
1147
1149
1151
1153
1155
1157
1159
1161
1163
1165
1167
1168
1170
1173
1174
1177
1179
1181
1183
1185
1187
1189
1191
1220
1223
1225
1227
1230
1232
1233
1235
1237
1239
1241
1244
1246
1248
1250
1252
1255
1257
1260
1264
1267
1269
1271
1272
1274
1277
1279
1281
1283
1285
1287
1289
1291
1293
1295
1297
1299
1301
1303
1304
1306
1307
1309
1311
1313
1315
1317
1319
1321
1323
1326
1328
1330
1332
1335
1337
1338
1342
1344
1347
1349
1351
1354
1355
1357
1359
1361
1363
1365
1367
1370
1373
1374
1376
1378
1380
1382
1384
1386
1388
1390
1392
1394
1396
1398
1401
1404
1406
1408
1411
1413
1415
1417
1419
1421
1423
1425
1427
1429
1431
1433
1435
1437
1439
1441
1443
1445
1446
1448
1451
1453
1455
1456
1458
1460
1462
1464
1466
1468
1470
1473
1476
1478
1479
1482
1485
1486
1488
1490
1492
1494
1497
1499
1500
1503
1505
1507
1509
1511
1513
1515
1517
1519
1521
1523
1524
1526
1529
1533
1535
1538
1539
1543
1545
1547
1549
1553
1557
1559
1561
1563
1565
1568
1569
1571
1574
1576
1578
1582
1584
1586
1588
1592
1594
1596
1598
1600
1602
1605
1608
1610
1612
1614
1616
1618
1620
1622
1624
1626
1628
1630
1632
1634
1636
1638
1640
1644
1647
1650
1652
1654
1656
1658
1660
1662
1664
1666
1668
1670
1671
1673
1675
1677
1679
1681
1683
1685
1687
1689
1692
1694
1697
1699
1700
1702
1704
1706
1708
1710
1712
1715
1717
1719
1720
1724
1725
1727
1729
1732
1735
1737
1739
1741
1744
1746
1748
1750
1752
1754
1756
1757
1758
1760
1762
1766
1767
1769
1771
1772
1774
1776
1778
1780
1782
1784
1786
1788
1790
1792
1796
1798
1800
1801
1804
1806
1807
1809
1811
1813
1815
1817
1820
1822
1824
1826
1828
1830
1832
1835
1836
1839
1840
1842
1845
1847
1849
1851
1853
1856
1859
1861
1863
1865
1867
1869
1871
1873
1875
1877
1879
1881
1883
1885
1887
1891
1893
1896
1898
1901
1903
1905
1907
1910
1912
1914
1917
1919
1921
1923
1924
1926
1928
1930
1932
1935
1937
1938
1988
1990
1992
1994
1997
2000
2002
2005
2007
2009
2011
2013
2015
2017
2019
2021
2024
2026
2028
2030
2032
2034
2035
2037
2039
2041
2042
2043
2044
2046
2048
2050
2052
2055
2057
2059
2061
2063
2065
2067
2069
2071
2073
2075
2077
2079
2081
2083
2085
2088
2090
2091
2093
2095
2097
2099
2102
2105
2107
2109
2112
2114
2116
2118
2120
2122
2124
2126
2129
2131
2133
2134
2136
2138
2139
2141
2143
2145
2147
2149
2152
2154
2156
2158
2160
2162
2164
2166
2168
2169
2173
2175
2177
2179
2181
2182
2184
2188
2190
2192
2194
2196
2198
2201
2202
2204
2206
2208
2210
2212
2215
2217
2219
2222
2224
2226
2228
2230
2232
2234
2236
2237
2239
2241
2243
2245
2247
2249
2251
2253
2255
2257
2259
2261
2263
2265
2267
2269
2271
2274
2276
2278
2281
2285
2286
2288
2290
2292
2295
2297
2299
2311
2910
2913
2915
2918
2922
2937
3363
3367
3369
3372
3374
3376
3379
3380
3382
3384
3386
3388
3390
3392
3395
3398
3418
4164
4263
4394
4542
4546
4548
4550
4552
4556
4558
4560
4562
4564
4566
4569
4572
4574
4576
4578
4580
4582
4584
4586
4588
4590
4592
4594
4596
4598
4600
4602
4604
4608
4611
4614
4616
4618
4620
4622
4624
4626
4628
4630
4632
4634
4635
4637
4639
4641
4643
4645
4647
4649
4651
4653
4656
4658
4661
4663
4664
4666
4668
4670
4672
4697
4699
4708
4712
4713
4715
4717
4720
4723
4725
4727
4729
4732
4734
4736
4738
4740
4742
4744
4745
4746
4748
4750
4754
4755
4757
4759
4760
4762
4764
4766
4768
4770
4772
4774
4776
4778
4780
4784
4786
4788
4789
4792
4794
4931
4934
4935
4938
4939
4941
4944
4946
4948
4950
4952
4955
4958
4960
4962
4964
4966
4968
4970
4972
4974
4976
4978
4980
4982
4984
4986
4990
4992
4995
5011
5013
5026
5029
5052
5054
5741
5743
5745
5747
5749
5751
5753
5755
5757
5759
5761
5764
5766
5767
5769
5791
6676
6678
6680
6682
6684
6686
6688
6690
6692
6694
6696
6780
6807
6809
6821
6823
6825
6826
6828
6830
6832
6834
6836
6838
6840
6842
6844
6846
6848
6850
6851
6853
6856
6857
6860
6862
6864
6866
6868
6870
6872
6874
6879
6880
6882
6884
6887
6889
6891
6894
6896
6897
6899
6901
6903
6905
6908
6910
6912
6914
6916
6919
6921
6939
6942
6961
6987
6989
7001
7003
7005
7019
7021
7023
7025
7027
7029
7030
7032
7033
7035
7037
7039
7041
7043
7045
7047
7049
7052
7054
7056
7058
7061
7063
7064
7068
7070
7083
7085
7088
7221
7223
7225
7227
7229
7231
7233
7235
7237
7239
7241
7244
7247
7249
7251
7254
7256
7258
7260
7262
7264
7266
7268
7270
7272
7274
7276
7278
7280
7282
7284
7286
7288
7289
7291
7294
7296
7298
7299
7301
7303
7305
7307
7309
7311
7313
7316
7319
7321
7322
7325
7328
7329
7331
7333
7335
7337
7340
7342
7343
7346
7348
7350
7352
7354
7356
7358
7360
7362
7364
7366
7367
7369
7372
7376
7378
7381
7382
7386
7388
7390
7392
7396
7400
7402
7404
7406
7408
7411
7412
7414
7417
7419
7421
7425
7427
7429
7431
7435
7437
7439
7441
7443
7445
7462
7473
7475
7477
7479
7481
7483
7485
7487
7489
7491
7493
7495
7497
7499
7501
7505
7508
7511
7513
7515
7517
7519
7521
7544
7556
7557
7559
7561
7563
7565
7567
7569
7571
7573
7575
7578
7580
7583
7585
7586
7588
7590
7592
7594
7596
7598
7601
7603
7632
7634
7636
7639
7642
7644
7646
7648
7651
7653
7655
7657
7659
7661
7663
7664
7665
7667
7669
7673
7674
7676
7678
7679
7681
7683
7685
7687
7689
7691
7693
7695
7697
7699
7703
7705
7707
7708
7711
7713
7714
7716
7718
7720
7722
7724
7727
7729
7731
7733
7735
7737
7739
7742
7743
7746
7747
7749
7752
7754
7756
7758
7760
7763
7766
7768
7770
7772
7774
7776
7778
7780
7782
7784
7786
7788
7790
7792
7794
7798
7800
7803
7805
7808
7810
7812
7814
7817
7819
7821
7824
7826
7828
7830
7831
7833
7835
7837
7839
7842
7844
7845
7846
7848
7850
7852
7854
7856
7858
7860
7862
7865
7868
7870
7873
7875
7877
7879
7881
7883
7885
7887
7889
7892
7894
7896
7898
7900
7902
7903
7905
7907
7909
7910
7911
7912
7914
7916
7918
7920
7923
7925
7927
7929
7931
7933
7935
7937
7939
7941
7943
7945
7947
7972
7975
7977
7978
7980
7982
7984
7986
7989
7992
7994
7996
7999
8001
8003
8005
8007
8009
8011
8013
8016
8018
8020
8021
8023
8025
8026
8028
8030
8032
8034
8036
8039
8041
8043
8045
8047
8049
8051
8053
8055
8056
8060
8062
8064
8066
8068
8069
8071
8075
8077
8079
8081
8083
8085
8088
8089
8091
8093
8095
8097
8099
8102
8104
8106
8109
8111
8113
8115
8127
8299
8301
8303
8305
8308
8310
8312
8315
8319
8320
8322
8324
8326
8329
8331
8333
8335
8337
8339
8340
8342
8344
8346
8348
8350
8352
8354
8356
8358
8360
8362
8364
8365
8367
8370
8371
8374
8376
8378
8380
8382
8384
8386
8388
8393
8394
8396
8398
8401
8403
8405
8408
8410
8411
8413
8415
8417
8419
8422
8424
8426
8428
8430
8433
8435
8438
8442
8445
8447
8449
8450
8452
8455
8457
8459
8461
8463
8465
8467
8469
8471
8473
8475
8477
8479
8481
8482
8484
8485
8487
8489
8491
8493
8495
8497
8499
8501
8504
8506
8508
8510
8513
8515
8516
8520
8522
8525
8527
8529
8532
8533
8535
8537
8539
8541
8543
8545
8548
8551
8552
8554
8556
8558
8560
8562
8564
8566
8568
8570
8572
8574
8576
8579
8582
8584
8586
8589
8591
8593
8595
8597
8599
8601
8603
8605
8607
8609
8611
8613
8615
8617
8619
8621
8623
8624
8626
8629
8631
8633
8634
8636
8638
8640
8642
8644
8646
8648
8651
8654
8656
8657
8660
8663
8664
8666
8668
8670
8672
8675
8677
8678
8681
8683
8685
8687
8689
8691
8693
8695
8697
8699
8701
8702
8704
8707
8711
8713
8716
8717
8721
8723
8725
8727
8731
8735
8737
8739
8741
8743
8746
8747
8749
8752
8754
8756
8760
8762
8764
8766
8770
8772
8774
8776
8778
8780
8783
8786
8788
8790
8792
8794
8796
8798
8800
8802
8804
8806
8808
8810
8812
8814
8816
8818
8822
8825
8828
8830
8832
8834
8836
8838
8840
8842
8844
8846
8848
8849
8851
8853
8855
8857
8859
8861
8863
8865
8867
8870
8872
8875
8877
8878
8880
8882
8884
8886
8888
8890
8893
8895
8897
8898
8902
8903
8905
8907
8910
8913
8915
8917
8919
8922
8924
8926
8928
8930
8932
8934
8935
8936
8938
8940
8944
8945
8947
8949
8950
8952
8954
8956
8958
8960
8962
8964
8966
8968
8970
8974
8976
8978
8979
8982
8984
8985
8987
8989
8991
8993
8995
8998
9000
9002
9004
9006
9008
9010
9013
9014
9017
9018
9020
9023
9025
9027
9029
9031
9034
9037
9039
9041
9043
9045
9047
9049
9051
9053
9055
9057
9059
9061
9063
9065
9069
9071
9074
9076
9079
9081
9083
9085
9088
9090
9092
9095
9097
9099
9101
9102
9104
9106
9108
9110
9113
9115
9116
9117
9119
9121
9123
9125
9127
9129
9131
9133
9136
9139
9141
9144
9146
9148
9150
9152
9154
9156
9158
9160
9163
9165
9167
9169
9171
9173
9174
9176
9178
9180
9181
9182
9183
9185
9187
9189
9191
9194
9196
9198
9200
9202
9204
9206
9208
9210
9212
9214
9216
9218
9220
9222
9224
9227
9229
9230
9232
9234
9236
9238
9241
9244
9246
9248
9251
9253
9255
9257
9259
9261
9263
9265
9268
9270
9272
9273
9275
9277
9278
9280
9282
9284
9286
9288
9291
9293
9295
9297
9299
9301
9303
9305
9307
9308
9312
9314
9316
9318
9320
9321
9323
9327
9329
9331
9333
9335
9337
9340
9341
9343
9345
9347
9349
9351
9354
9356
9358
9361
9363
9365
9367
9369
9371
9373
9375
9376
9378
9380
9382
9384
9386
9388
9390
9392
9394
9396
9398
9400
9402
9404
9406
9408
9410
9413
9415
9417
9420
9424
9425
9427
9429
9431
9434
9436
9438
9440
9442
9444
9445
9447
9449
9451
9453
9455
9457
9459
9461
9463
9465
9467
9469
9470
9472
9475
9476
9479
9481
9483
9485
9487
9489
9491
9493
9498
9499
9501
9503
9506
9508
9510
9513
9515
9516
9518
9520
9522
9524
9527
9529
9531
9533
9535
9538
9540
9543
9547
9550
9552
9554
9555
9557
9560
9562
9564
9566
9568
9570
9572
9574
9576
9578
9580
9582
9584
9586
9587
9589
9590
9592
9594
9596
9598
9600
9602
9604
9606
9609
9611
9613
9615
9618
9620
9621
9625
9627
9630
9632
9634
9637
9638
9640
9642
9644
9646
9648
9650
9653
9656
9657
9659
9661
9663
9665
9667
9669
9671
9673
9675
9677
9679
9681
9684
9687
9689
9691
9694
9696
9698
9700
9702
9704
9706
9708
9710
9712
9714
9716
9718
9720
9722
9724
9726
9728
9729
9731
9734
9736
9738
9739
9741
9743
9745
9747
9749
9751
9753
9756
9759
9761
9762
9765
9768
9769
9771
9773
9775
9777
9780
9782
9783
9786
9788
9790
9792
9794
9796
9798
9800
9802
9804
9806
9807
9809
9812
9816
9818
9821
9822
9826
9828
9830
9832
9836
9840
9842
9844
9846
9848
9851
9852
9854
9857
9859
9861
9865
9867
9869
9871
9875
9877
9879
9881
9883
9885
9888
9891
9893
9895
9897
9899
9901
9903
9905
9907
9909
9911
9913
9915
9917
9919
9921
9923
9927
9930
9933
9935
9937
9939
9941
9943
9945
9947
9949
9951
9953
9954
9956
9958
9960
9962
9964
9966
9968
9970
9972
9975
9977
9980
9982
9983
9985
9987
9989
9991
9993
9995
9998
10000
10002
10003
10007
10008
10010
10012
10015
10018
10020
10022
10024
10027
10029
10031
10033
10035
10037
10039
10040
10041
10043
10045
10049
10050
10052
10054
10055
10057
10059
10061
10063
10065
10067
10069
10071
10073
10075
10079
10081
10083
10084
10087
10089
10090
10092
10094
10096
10098
10100
10103
10105
10107
10109
10111
10113
10115
10118
10119
10122
10123
10125
10128
10130
10132
10134
10136
10139
10142
10144
10146
10148
10150
10152
10154
10156
10158
10160
10162
10164
10166
10168
10170
10174
10176
10179
10181
10184
10186
10188
10190
10193
10195
10197
10200
10202
10204
10206
10207
10209
10211
10213
10215
10218
10220
10221
10222
10224
10226
10228
10230
10232
10234
10236
10238
10241
10244
10246
10249
10251
10253
10255
10257
10259
10261
10263
10265
10268
10270
10272
10274
10276
10278
10279
10281
10283
10285
10286
10287
10288
10290
10292
10294
10296
10299
10301
10303
10305
10307
10309
10311
10313
10315
10317
10319
10321
10323
10325
10327
10329
10332
10334
10335
10337
10339
10341
10343
10346
10349
10351
10353
10356
10358
10360
10362
10364
10366
10368
10370
10373
10375
10377
10378
10380
10382
10383
10385
10387
10389
10391
10393
10396
10398
10400
10402
10404
10406
10408
10410
10412
10413
10417
10419
10421
10423
10425
10426
10428
10432
10434
10436
10438
10440
10442
10445
10446
10448
10450
10452
10454
10456
10459
10461
10463
10466
10468
10470
10472
10474
10476
10478
10480
10481
10483
10485
10487
10489
10491
10493
10495
10497
10499
10501
10503
10505
10507
10509
10511
10513
10515
10518
10520
10522
10525
10529
10530
10532
10534
10536
10539
10541
10543
10545
10547
10549
10550
10552
10554
10556
10558
10560
10562
10564
10566
10568
10570
10572
10574
10575
10577
10580
10581
10584
10586
10588
10590
10592
10594
10596
10598
10603
10604
10606
10608
10611
10613
10615
10618
10620
10621
10623
10625
10627
10629
10632
10634
10636
10638
10640
10643
10645
10648
10652
10655
10657
10659
10660
10662
10665
10667
10669
10671
10673
10675
10677
10679
10681
10683
10685
10687
10689
10691
10692
10694
10695
10697
10699
10701
10703
10705
10707
10709
10711
10714
10716
10718
10720
10723
10725
10726
10730
10732
10735
10737
10739
10742
10743
10745
10747
10749
10751
10753
10755
10758
10761
10762
10764
10766
10768
10770
10772
10774
10776
10778
10780
10782
10784
10786
10789
10792
10794
10796
10799
10801
10803
10805
10807
10809
10811
10813
10815
10817
10819
10821
10823
10825
10827
10829
10831
10833
10834
10836
10839
10841
10843
10844
10846
10848
10850
10852
10854
10856
10858
10861
10864
10866
10867
10870
10873
10874
10876
10878
10880
10882
10885
10887
10888
10891
10893
10895
10897
10899
10901
10903
10905
10907
10909
10911
10912
10914
10917
10921
10923
10926
10927
10931
10933
10935
10937
10941
10945
10947
10949
10951
10953
10956
10957
10959
10962
10964
10966
10970
10972
10974
10976
10980
10982
10984
10986
10988
10990
10993
10996
10998
11000
11002
11004
11006
11008
11010
11012
11014
11016
11018
11020
11022
11024
11026
11028
11032
11035
11038
11040
11042
11044
11046
11048
11050
11052
11054
11056
11058
11059
11061
11063
11065
11067
11069
11071
11073
11075
11077
11080
11082
11085
11087
11088
11090
11092
11094
11096
11098
11100
11103
11105
11107
11108
11112
11113
11115
11117
11120
11123
11125
11127
11129
11132
11134
11136
11138
11140
11142
11144
11145
11146
11148
11150
11154
11155
11157
11159
11160
11162
11164
11166
11168
11170
11172
11174
11176
11178
11180
11184
11186
11188
11189
11192
11194
11195
11197
11199
11201
11203
11205
11208
11210
11212
11214
11216
11218
11220
11223
11224
11227
11228
11230
11233
11235
11237
11239
11241
11244
11247
11249
11251
11253
11255
11257
11259
11261
11263
11265
11267
11269
11271
11273
11275
11279
11281
11284
11286
11289
11291
11293
11295
11298
11300
11302
11305
11307
11309
11311
11312
11314
11316
11318
11320
11323
11325
11326
11327
11329
11331
11333
11335
11337
11339
11341
11343
11346
11349
11351
11354
11356
11358
11360
11362
11364
11366
11368
11370
11373
11375
11377
11379
11381
11383
11384
11386
11388
11390
11391
11392
11393
11395
11397
11399
11401
11404
11406
11408
11410
11412
11414
11416
11418
11420
11422
11424
11426
11428
11430
11432
11434
11437
11439
11440
11442
11444
11446
11448
11451
11454
11456
11458
11461
11463
11465
11467
11469
11471
11473
11475
11478
11480
11482
11483
11485
11487
11488
11490
11492
11494
11496
11498
11501
11503
11505
11507
11509
11511
11513
11515
11517
11518
11522
11524
11526
11528
11530
11531
11533
11537
11539
11541
11543
11545
11547
11550
11551
11553
11555
11557
11559
11561
11564
11566
11568
11571
11573
11575
11577
11579
11581
11583
11585
11586
11588
11590
11592
11594
11596
11598
11600
11602
11604
11606
11608
11610
11612
11614
11616
  }
/
