amber
  prmtop prot_watsph.prmtop
  inpcrds {
    prot_watsph.rst7
  }
/

restart
  # 额外增加弹性网络模型
  read_indexes 0
  file mix.gz
  mixdir mix.mix
/

sbbonded
/

enm
  style 1
  k 10.0
  cutoff 10.0
  mask {
1
3
6
8
10
13
17
18
20
22
24
27
29
31
33
35
37
38
40
42
44
46
48
50
52
54
56
58
60
62
63
65
68
69
72
74
76
78
80
82
84
86
91
92
94
96
99
101
103
106
108
109
111
113
115
117
120
122
124
126
128
131
133
136
140
143
145
147
148
150
153
155
157
159
161
163
165
167
169
171
173
175
177
179
180
182
183
185
187
189
191
193
195
197
199
202
204
206
208
211
213
214
218
220
223
225
227
230
231
233
235
237
239
241
243
246
249
250
252
254
256
258
260
262
264
266
268
270
272
274
277
280
282
284
287
289
291
293
295
297
299
301
303
305
307
309
311
313
315
317
319
321
322
324
327
329
331
332
334
336
338
340
342
344
346
349
352
354
355
358
361
362
364
366
368
370
373
375
376
379
381
383
385
387
389
391
393
395
397
399
400
402
405
409
411
414
415
419
421
423
425
429
433
435
437
439
441
444
445
447
450
452
454
458
460
462
464
468
470
472
474
476
478
481
484
486
488
490
492
494
496
498
500
502
504
506
508
510
512
514
516
520
523
526
528
530
532
534
536
538
540
542
544
546
547
549
551
553
555
557
559
561
563
565
568
570
573
575
576
578
580
582
584
586
588
591
593
595
596
600
601
603
605
608
611
613
615
617
620
622
624
626
628
630
632
633
634
636
638
642
643
645
647
648
650
652
654
656
658
660
662
664
666
668
672
674
676
677
680
682
683
685
687
689
691
693
696
698
700
702
704
706
708
711
712
715
716
718
721
723
725
727
729
732
735
737
739
741
743
745
747
749
751
753
755
757
759
761
763
767
769
772
774
777
779
781
783
786
788
790
793
795
797
799
800
802
804
806
808
811
813
814
815
817
819
821
823
825
827
829
831
834
837
839
842
844
846
848
850
852
854
856
858
861
863
865
867
869
871
872
874
876
878
879
880
881
883
885
887
889
892
894
896
898
900
902
904
906
908
910
912
914
916
918
920
922
925
927
928
930
932
934
936
939
942
944
946
949
951
953
955
957
959
961
963
966
968
970
971
973
975
976
978
980
982
984
986
989
991
993
995
997
999
1001
1003
1005
1006
1010
1012
1014
1016
1018
1019
1021
1025
1027
1029
1031
1033
1035
1038
1039
1041
1043
1045
1047
1049
1052
1054
1056
1059
1061
1063
1065
1067
1069
1071
1073
1074
1076
1078
1080
1082
1084
1086
1088
1090
1092
1094
1096
1098
1100
1102
1104
1106
1108
1111
1113
1115
1118
1122
1123
1125
1127
1129
1132
1134
1136
1138
1140
1142
1143
1145
1147
1149
1151
1153
1155
1157
1159
1161
1163
1165
1167
1168
1170
1173
1174
1177
1179
1181
1183
1185
1187
1189
1191
1196
1206
1208
1211
1213
1215
1218
1220
1221
1223
1225
1227
1229
1232
1234
1236
1238
1240
1243
1245
1248
1252
1255
1257
1259
1260
1262
1265
1267
1269
1271
1273
1275
1277
1279
1281
1283
1285
1287
1289
1291
1292
1294
1295
1297
1299
1301
1303
1305
1307
1309
1311
1314
1316
1318
1320
1323
1325
1326
1330
1332
1335
1337
1339
1342
1343
1345
1347
1349
1351
1353
1355
1358
1361
1362
1364
1366
1368
1370
1372
1374
1376
1378
1380
1382
1384
1386
1389
1392
1394
1396
1399
1401
1403
1405
1407
1409
1411
1413
1415
1417
1419
1421
1423
1425
1427
1429
1431
1433
1434
1436
1439
1441
1443
1444
1446
1448
1450
1452
1454
1456
1458
1461
1464
1466
1467
1470
1473
1474
1476
1478
1480
1482
1485
1487
1488
1491
1493
1495
1497
1499
1501
1503
1505
1507
1509
1511
1512
1514
1517
1521
1523
1526
1527
1531
1533
1535
1537
1541
1545
1547
1549
1551
1553
1556
1557
1559
1562
1564
1566
1570
1572
1574
1576
1580
1582
1584
1586
1588
1590
1593
1596
1598
1600
1602
1604
1606
1608
1610
1612
1614
1616
1618
1620
1622
1624
1626
1628
1632
1635
1638
1640
1642
1644
1646
1648
1650
1652
1654
1656
1658
1659
1661
1663
1665
1667
1669
1671
1673
1675
1677
1680
1682
1685
1687
1688
1690
1692
1694
1696
1698
1700
1703
1705
1707
1708
1712
1713
1715
1717
1720
1723
1725
1727
1729
1732
1734
1736
1738
1740
1742
1744
1745
1746
1748
1750
1754
1755
1757
1759
1760
1762
1764
1766
1768
1770
1772
1774
1776
1778
1780
1784
1786
1788
1789
1792
1794
1795
1797
1799
1801
1803
1805
1808
1810
1812
1814
1816
1818
1820
1823
1824
1827
1828
1830
1833
1835
1837
1839
1841
1844
1847
1849
1851
1853
1855
1857
1859
1861
1863
1865
1867
1869
1871
1873
1875
1879
1881
1884
1886
1889
1891
1893
1895
1898
1900
1902
1905
1907
1909
1911
1912
1914
1916
1918
1920
1923
1925
1926
1927
1929
1931
1942
1944
1946
1948
1950
1953
1956
1958
1961
1963
1965
1967
1969
1971
1973
1975
1977
1980
1982
1984
1986
1988
1990
1991
1993
1995
1997
1998
1999
2000
2002
2004
2006
2008
2011
2013
2015
2017
2019
2021
2023
2025
2027
2029
2031
2033
2035
2037
2039
2041
2044
2046
2047
2049
2051
2053
2055
2058
2061
2063
2065
2068
2070
2072
2074
2076
2078
2080
2082
2085
2087
2089
2090
2092
2094
2095
2097
2099
2101
2103
2105
2108
2110
2112
2114
2116
2118
2120
2122
2124
2125
2129
2131
2133
2135
2137
2138
2140
2144
2146
2148
2150
2152
2154
2157
2158
2160
2162
2164
2166
2168
2171
2173
2175
2178
2180
2182
2184
2186
2188
2190
2192
2193
2195
2197
2199
2201
2203
2205
2207
2209
2211
2213
2215
2217
2219
2221
2223
2225
2227
2230
2232
2234
2237
2241
2242
2244
2246
2248
2251
2253
2883
2886
2888
2891
2921
3369
3371
3374
3376
3378
3381
3382
3384
3386
3388
3390
3392
3412
3990
3993
4089
4102
4103
4106
4108
4110
4122
4134
4136
4138
4140
4142
4143
4159
4213
4215
4240
4254
4336
4338
4342
4344
4346
4348
4352
4354
4356
4358
4360
4362
4365
4368
4370
4372
4374
4376
4378
4380
4382
4384
4386
4388
4390
4392
4394
4396
4398
4400
4404
4407
4410
4412
4414
4416
4418
4420
4422
4424
4426
4428
4430
4431
4433
4435
4437
4439
4441
4443
4445
4447
4449
4452
4454
4457
4459
4460
4462
4464
4466
4468
4470
4472
4475
4477
4479
4480
4484
4485
4487
4489
4492
4495
4497
4499
4501
4504
4506
4508
4510
4512
4514
4516
4517
4518
4520
4522
4526
4527
4529
4531
4532
4534
4536
4538
4540
4542
4544
4546
4548
4550
4552
4556
4558
4560
4561
4564
4566
4567
4569
4651
4653
4655
4658
4659
4662
4663
4665
4668
4670
4672
4674
4676
4679
4682
4684
4686
4688
4690
4692
4694
4696
4698
4700
4702
4704
4706
4708
4710
4714
4716
4719
4721
4724
4726
4728
4730
4733
4735
4737
4740
4742
4744
4746
4747
4756
4768
4787
4788
4790
4792
5329
5331
5333
5335
5337
5339
5341
5343
5345
5347
5349
5352
6422
6424
6426
6428
6430
6432
6434
6436
6438
6440
6442
6560
6582
6584
6585
6587
6589
6591
6593
6595
6597
6599
6601
6603
6605
6607
6609
6610
6612
6615
6616
6619
6621
6623
6625
6627
6629
6631
6633
6638
6639
6641
6643
6646
6648
6650
6653
6655
6656
6658
6660
6662
6664
6667
6669
6671
6673
6675
6678
6680
6698
6701
6720
6722
6744
6765
6767
6769
6771
6773
6775
6777
6779
6781
6782
6784
6785
6787
6789
6791
6793
6795
6797
6799
6801
6804
6806
6815
6818
6840
6842
6864
7060
7062
7064
7066
7068
7070
7072
7075
7078
7080
7082
7085
7087
7089
7091
7093
7095
7097
7099
7101
7103
7105
7107
7109
7111
7113
7115
7117
7119
7120
7122
7125
7127
7129
7130
7132
7134
7136
7138
7140
7142
7144
7147
7150
7152
7153
7156
7159
7160
7162
7164
7166
7168
7171
7173
7174
7177
7179
7181
7183
7185
7187
7189
7191
7193
7195
7197
7198
7200
7203
7207
7209
7212
7213
7217
7219
7221
7223
7227
7231
7233
7235
7237
7239
7242
7243
7245
7248
7250
7252
7256
7258
7260
7262
7266
7268
7270
7272
7274
7276
7279
7282
7284
7286
7288
7290
7292
7294
7296
7298
7300
7302
7304
7306
7308
7310
7312
7314
7318
7321
7324
7326
7328
7330
7332
7334
7336
7338
7340
7342
7344
7345
7347
7349
7351
7353
7355
7357
7359
7361
7363
7366
7368
7371
7373
7374
7376
7378
7380
7382
7384
7386
7389
7391
7393
7394
7398
7399
7401
7403
7406
7409
7411
7413
7415
7418
7420
7422
7424
7426
7428
7430
7431
7432
7434
7436
7440
7441
7443
7445
7446
7448
7450
7452
7454
7456
7458
7460
7462
7464
7466
7470
7472
7474
7475
7478
7480
7481
7483
7485
7487
7489
7491
7494
7496
7498
7500
7502
7504
7506
7509
7510
7513
7514
7516
7519
7521
7523
7525
7527
7530
7533
7535
7537
7539
7541
7543
7545
7547
7549
7551
7553
7555
7557
7559
7561
7565
7567
7570
7572
7575
7577
7579
7581
7584
7586
7588
7591
7593
7595
7597
7598
7600
7602
7604
7606
7609
7611
7612
7613
7615
7617
7619
7621
7623
7625
7627
7629
7632
7635
7637
7640
7642
7644
7646
7648
7650
7652
7654
7656
7659
7661
7663
7665
7667
7669
7670
7672
7674
7676
7677
7678
7679
7681
7683
7685
7687
7690
7692
7694
7696
7698
7700
7702
7704
7706
7800
7802
7814
7816
7819
7822
7824
7826
7829
7831
7833
7835
7837
7839
7841
7843
7846
7848
7850
7851
7853
7855
7856
7858
7860
7862
7864
7866
7869
7871
7873
7875
7877
7879
7881
7883
7885
7886
7890
7892
7894
7896
7898
7899
7901
7905
7907
7909
7911
7913
7915
7918
7919
7921
7923
7925
7927
7929
7932
7934
7936
7939
7941
7943
8133
8135
8137
8139
8141
8144
8146
8148
8151
8155
8156
8158
8160
8162
8165
8167
8169
8171
8173
8175
8176
8178
8180
8182
8184
8186
8188
8190
8192
8194
8196
8198
8200
8201
8203
8206
8207
8210
8212
8214
8216
8218
8220
8222
8224
8229
8230
8232
8234
8237
8239
8241
8244
8246
8247
8249
8251
8253
8255
8258
8260
8262
8264
8266
8269
8271
8274
8278
8281
8283
8285
8286
8288
8291
8293
8295
8297
8299
8301
8303
8305
8307
8309
8311
8313
8315
8317
8318
8320
8321
8323
8325
8327
8329
8331
8333
8335
8337
8340
8342
8344
8346
8349
8351
8352
8356
8358
8361
8363
8365
8368
8369
8371
8373
8375
8377
8379
8381
8384
8387
8388
8390
8392
8394
8396
8398
8400
8402
8404
8406
8408
8410
8412
8415
8418
8420
8422
8425
8427
8429
8431
8433
8435
8437
8439
8441
8443
8445
8447
8449
8451
8453
8455
8457
8459
8460
8462
8465
8467
8469
8470
8472
8474
8476
8478
8480
8482
8484
8487
8490
8492
8493
8496
8499
8500
8502
8504
8506
8508
8511
8513
8514
8517
8519
8521
8523
8525
8527
8529
8531
8533
8535
8537
8538
8540
8543
8547
8549
8552
8553
8557
8559
8561
8563
8567
8571
8573
8575
8577
8579
8582
8583
8585
8588
8590
8592
8596
8598
8600
8602
8606
8608
8610
8612
8614
8616
8619
8622
8624
8626
8628
8630
8632
8634
8636
8638
8640
8642
8644
8646
8648
8650
8652
8654
8658
8661
8664
8666
8668
8670
8672
8674
8676
8678
8680
8682
8684
8685
8687
8689
8691
8693
8695
8697
8699
8701
8703
8706
8708
8711
8713
8714
8716
8718
8720
8722
8724
8726
8729
8731
8733
8734
8738
8739
8741
8743
8746
8749
8751
8753
8755
8758
8760
8762
8764
8766
8768
8770
8771
8772
8774
8776
8780
8781
8783
8785
8786
8788
8790
8792
8794
8796
8798
8800
8802
8804
8806
8810
8812
8814
8815
8818
8820
8821
8823
8825
8827
8829
8831
8834
8836
8838
8840
8842
8844
8846
8849
8850
8853
8854
8856
8859
8861
8863
8865
8867
8870
8873
8875
8877
8879
8881
8883
8885
8887
8889
8891
8893
8895
8897
8899
8901
8905
8907
8910
8912
8915
8917
8919
8921
8924
8926
8928
8931
8933
8935
8937
8938
8940
8942
8944
8946
8949
8951
8952
8953
8955
8957
8959
8961
8963
8965
8967
8969
8972
8975
8977
8980
8982
8984
8986
8988
8990
8992
8994
8996
8999
9001
9003
9005
9007
9009
9010
9012
9014
9016
9017
9018
9019
9021
9023
9025
9027
9030
9032
9034
9036
9038
9040
9042
9044
9046
9048
9050
9052
9054
9056
9058
9060
9063
9065
9066
9068
9070
9072
9074
9077
9080
9082
9084
9087
9089
9091
9093
9095
9097
9099
9101
9104
9106
9108
9109
9111
9113
9114
9116
9118
9120
9122
9124
9127
9129
9131
9133
9135
9137
9139
9141
9143
9144
9148
9150
9152
9154
9156
9157
9159
9163
9165
9167
9169
9171
9173
9176
9177
9179
9181
9183
9185
9187
9190
9192
9194
9197
9199
9201
9203
9205
9207
9209
9211
9212
9214
9216
9218
9220
9222
9224
9226
9228
9230
9232
9234
9236
9238
9240
9242
9244
9246
9249
9251
9253
9256
9260
9261
9263
9265
9267
9270
9272
9274
9276
9278
9280
9281
9283
9285
9287
9289
9291
9293
9295
9297
9299
9301
9303
9305
9306
9308
9311
9312
9315
9317
9319
9321
9323
9325
9327
9329
9334
9335
9337
9339
9342
9344
9346
9349
9351
9352
9354
9356
9358
9360
9363
9365
9367
9369
9371
9374
9376
9379
9383
9386
9388
9390
9391
9393
9396
9398
9400
9402
9404
9406
9408
9410
9412
9414
9416
9418
9420
9422
9423
9425
9426
9428
9430
9432
9434
9436
9438
9440
9442
9445
9447
9449
9451
9454
9456
9457
9461
9463
9466
9468
9470
9473
9474
9476
9478
9480
9482
9484
9486
9489
9492
9493
9495
9497
9499
9501
9503
9505
9507
9509
9511
9513
9515
9517
9520
9523
9525
9527
9530
9532
9534
9536
9538
9540
9542
9544
9546
9548
9550
9552
9554
9556
9558
9560
9562
9564
9565
9567
9570
9572
9574
9575
9577
9579
9581
9583
9585
9587
9589
9592
9595
9597
9598
9601
9604
9605
9607
9609
9611
9613
9616
9618
9619
9622
9624
9626
9628
9630
9632
9634
9636
9638
9640
9642
9643
9645
9648
9652
9654
9657
9658
9662
9664
9666
9668
9672
9676
9678
9680
9682
9684
9687
9688
9690
9693
9695
9697
9701
9703
9705
9707
9711
9713
9715
9717
9719
9721
9724
9727
9729
9731
9733
9735
9737
9739
9741
9743
9745
9747
9749
9751
9753
9755
9757
9759
9763
9766
9769
9771
9773
9775
9777
9779
9781
9783
9785
9787
9789
9790
9792
9794
9796
9798
9800
9802
9804
9806
9808
9811
9813
9816
9818
9819
9821
9823
9825
9827
9829
9831
9834
9836
9838
9839
9843
9844
9846
9848
9851
9854
9856
9858
9860
9863
9865
9867
9869
9871
9873
9875
9876
9877
9879
9881
9885
9886
9888
9890
9891
9893
9895
9897
9899
9901
9903
9905
9907
9909
9911
9915
9917
9919
9920
9923
9925
9926
9928
9930
9932
9934
9936
9939
9941
9943
9945
9947
9949
9951
9954
9955
9958
9959
9961
9964
9966
9968
9970
9972
9975
9978
9980
9982
9984
9986
9988
9990
9992
9994
9996
9998
10000
10002
10004
10006
10010
10012
10015
10017
10020
10022
10024
10026
10029
10031
10033
10036
10038
10040
10042
10043
10045
10047
10049
10051
10054
10056
10057
10058
10060
10062
10064
10066
10068
10070
10072
10074
10077
10080
10082
10085
10087
10089
10091
10093
10095
10097
10099
10101
10104
10106
10108
10110
10112
10114
10115
10117
10119
10121
10122
10123
10124
10126
10128
10130
10132
10135
10137
10139
10141
10143
10145
10147
10149
10151
10153
10155
10157
10159
10161
10163
10165
10168
10170
10171
10173
10175
10177
10179
10182
10185
10187
10189
10192
10194
10196
10198
10200
10202
10204
10206
10209
10211
10213
10214
10216
10218
10219
10221
10223
10225
10227
10229
10232
10234
10236
10238
10240
10242
10244
10246
10248
10249
10253
10255
10257
10259
10261
10262
10264
10268
10270
10272
10274
10276
10278
10281
10282
10284
10286
10288
10290
10292
10295
10297
10299
10302
10304
10306
10308
10310
10312
10314
10316
10317
10319
10321
10323
10325
10327
10329
10331
10333
10335
10337
10339
10341
10343
10345
10347
10349
10351
10354
10356
10358
10361
10365
10366
10368
10370
10372
10375
10377
10379
10381
10383
10385
10386
10388
10390
10392
10394
10396
10398
10400
10402
10404
10406
10408
10410
10411
10413
10416
10417
10420
10422
10424
10426
10428
10430
10432
10434
10439
10440
10442
10444
10447
10449
10451
10454
10456
10457
10459
10461
10463
10465
10468
10470
10472
10474
10476
10479
10481
10484
10488
10491
10493
10495
10496
10498
10501
10503
10505
10507
10509
10511
10513
10515
10517
10519
10521
10523
10525
10527
10528
10530
10531
10533
10535
10537
10539
10541
10543
10545
10547
10550
10552
10554
10556
10559
10561
10562
10566
10568
10571
10573
10575
10578
10579
10581
10583
10585
10587
10589
10591
10594
10597
10598
10600
10602
10604
10606
10608
10610
10612
10614
10616
10618
10620
10622
10625
10628
10630
10632
10635
10637
10639
10641
10643
10645
10647
10649
10651
10653
10655
10657
10659
10661
10663
10665
10667
10669
10670
10672
10675
10677
10679
10680
10682
10684
10686
10688
10690
10692
10694
10697
10700
10702
10703
10706
10709
10710
10712
10714
10716
10718
10721
10723
10724
10727
10729
10731
10733
10735
10737
10739
10741
10743
10745
10747
10748
10750
10753
10757
10759
10762
10763
10767
10769
10771
10773
10777
10781
10783
10785
10787
10789
10792
10793
10795
10798
10800
10802
10806
10808
10810
10812
10816
10818
10820
10822
10824
10826
10829
10832
10834
10836
10838
10840
10842
10844
10846
10848
10850
10852
10854
10856
10858
10860
10862
10864
10868
10871
10874
10876
10878
10880
10882
10884
10886
10888
10890
10892
10894
10895
10897
10899
10901
10903
10905
10907
10909
10911
10913
10916
10918
10921
10923
10924
10926
10928
10930
10932
10934
10936
10939
10941
10943
10944
10948
10949
10951
10953
10956
10959
10961
10963
10965
10968
10970
10972
10974
10976
10978
10980
10981
10982
10984
10986
10990
10991
10993
10995
10996
10998
11000
11002
11004
11006
11008
11010
11012
11014
11016
11020
11022
11024
11025
11028
11030
11031
11033
11035
11037
11039
11041
11044
11046
11048
11050
11052
11054
11056
11059
11060
11063
11064
11066
11069
11071
11073
11075
11077
11080
11083
11085
11087
11089
11091
11093
11095
11097
11099
11101
11103
11105
11107
11109
11111
11115
11117
11120
11122
11125
11127
11129
11131
11134
11136
11138
11141
11143
11145
11147
11148
11150
11152
11154
11156
11159
11161
11162
11163
11165
11167
11169
11171
11173
11175
11177
11179
11182
11185
11187
11190
11192
11194
11196
11198
11200
11202
11204
11206
11209
11211
11213
11215
11217
11219
11220
11222
11224
11226
11227
11228
11229
11231
11233
11235
11237
11240
11242
11244
11246
11248
11250
11252
11254
11256
11258
11260
11262
11264
11266
11268
11270
11273
11275
11276
11278
11280
11282
11284
11287
11290
11292
11294
11297
11299
11301
11303
11305
11307
11309
11311
11314
11316
11318
11319
11321
11323
11324
11326
11328
11330
11332
11334
11337
11339
11341
11343
11345
11347
11349
11351
11353
11354
11358
11360
11362
11364
11366
11367
11369
11373
11375
11377
11379
11381
11383
11386
11387
11389
11391
11393
11395
11397
11400
11402
11404
11407
11409
11411
11413
11415
11417
11419
11421
11422
11424
11426
11428
11430
11432
11434
11436
11438
11440
11442
11444
11446
11448
11450
11452
  }
/
