amber
  prmtop prot_watsph.prmtop
  inpcrds {
    prot_watsph.rst7
  }
/

restart
  # 额外增加弹性网络模型
  read_indexes 0
  file mix.gz
  mixdir mix.mix
/

sbbonded
/

enm
  style 1
  k 10.0
  cutoff 10.0
  mask {
1
3
6
8
10
13
17
18
20
22
24
27
29
31
33
35
37
38
40
42
44
46
48
50
52
54
56
58
60
62
63
65
68
69
72
74
76
78
80
82
84
86
91
92
94
96
99
101
103
106
108
109
111
113
115
117
120
122
124
126
128
131
133
136
140
143
145
147
148
150
153
155
157
159
161
163
165
167
169
171
173
175
177
179
180
182
183
185
187
189
191
193
195
197
199
202
204
206
208
211
213
214
218
220
223
225
227
230
231
233
235
237
239
241
243
246
249
250
252
254
256
258
260
262
264
266
268
270
272
274
277
280
282
284
287
289
291
293
295
297
299
301
303
305
307
309
311
313
315
317
319
321
322
324
327
329
331
332
334
336
338
340
342
344
346
349
352
354
355
358
361
362
364
366
368
370
373
375
376
379
381
383
385
387
389
391
393
395
397
399
400
402
405
409
411
414
415
419
421
423
425
429
433
435
437
439
441
444
445
447
450
452
454
458
460
462
464
468
470
472
474
476
478
481
484
486
488
490
492
494
496
498
500
502
504
506
508
510
512
514
516
520
523
526
528
530
532
534
536
538
540
542
544
546
547
549
551
553
555
557
559
561
563
565
568
570
573
575
576
578
580
582
584
586
588
591
593
595
596
600
601
603
605
608
611
613
615
617
620
622
624
626
628
630
632
633
634
636
638
642
643
645
647
648
650
652
654
656
658
660
662
664
666
668
672
674
676
677
680
682
683
685
687
689
691
693
696
698
700
702
704
706
708
711
712
715
716
718
721
723
725
727
729
732
735
737
739
741
743
745
747
749
751
753
755
757
759
761
763
767
769
772
774
777
779
781
783
786
788
790
793
795
797
799
800
802
804
806
808
811
813
814
815
817
819
821
823
825
827
829
831
834
837
839
842
844
846
848
850
852
854
856
858
861
863
865
867
869
871
872
874
876
878
879
880
881
883
885
887
889
892
894
896
898
900
902
904
906
908
910
912
914
916
918
920
922
925
927
928
930
932
934
936
939
942
944
946
949
951
953
955
957
959
961
963
966
968
970
971
973
975
976
978
980
982
984
986
989
991
993
995
997
999
1001
1003
1005
1006
1010
1012
1014
1016
1018
1019
1021
1025
1027
1029
1031
1033
1035
1038
1039
1041
1043
1045
1047
1049
1052
1054
1056
1059
1061
1063
1065
1067
1069
1071
1073
1074
1076
1078
1080
1082
1084
1086
1088
1090
1092
1094
1096
1098
1100
1102
1104
1106
1224
1236
1238
1240
1241
1243
1245
1247
1249
1251
1253
1255
1257
1259
1261
1263
1265
1266
1268
1271
1272
1275
1277
1279
1281
1283
1285
1287
1289
1294
1295
1297
1299
1302
1304
1306
1309
1311
1312
1314
1316
1318
1320
1323
1325
1327
1329
1331
1334
1336
1339
1343
1346
1365
1367
1380
1382
1403
1405
1407
1409
1411
1413
1415
1417
1419
1420
1422
1423
1425
1427
1429
1431
1433
1435
1437
1439
1442
1444
1453
1456
1478
1480
1502
1698
1700
1702
1704
1706
1708
1710
1713
1716
1718
1720
1723
1725
1727
1729
1731
1733
1735
1737
1739
1741
1743
1745
1747
1749
1751
1753
1755
1757
1758
1760
1763
1765
1767
1768
1770
1772
1774
1776
1778
1780
1782
1785
1788
1790
1791
1794
1797
1798
1800
1802
1804
1806
1809
1811
1812
1815
1817
1819
1821
1823
1825
1827
1829
1831
1833
1835
1836
1838
1841
1845
1847
1850
1851
1855
1857
1859
1861
1865
1869
1871
1873
1875
1877
1880
1881
1883
1886
1888
1890
1894
1896
1898
1900
1904
1906
1908
1910
1912
1914
1917
1920
1922
1924
1926
1928
1930
1932
1934
1936
1938
1940
1942
1944
1946
1948
1950
1952
1956
1959
1962
1964
1966
1968
1970
1972
1974
1976
1978
1980
1982
1983
1985
1987
1989
1991
1993
1995
1997
1999
2001
2004
2006
2009
2011
2012
2014
2016
2018
2020
2022
2024
2027
2029
2031
2032
2036
2037
2039
2041
2044
2047
2049
2051
2053
2056
2058
2060
2062
2064
2066
2068
2069
2070
2072
2074
2078
2079
2081
2083
2084
2086
2088
2090
2092
2094
2096
2098
2100
2102
2104
2108
2110
2112
2113
2116
2118
2119
2121
2123
2125
2127
2129
2132
2134
2136
2138
2140
2142
2144
2147
2148
2151
2152
2154
2157
2159
2161
2163
2165
2168
2171
2173
2175
2177
2179
2181
2183
2185
2187
2189
2191
2193
2195
2197
2199
2203
2205
2208
2210
2213
2215
2217
2219
2222
2224
2226
2229
2231
2233
2235
2236
2238
2240
2242
2244
2247
2249
2250
2251
2253
2255
2257
2259
2261
2263
2265
2267
2270
2273
2275
2278
2280
2282
2284
2286
2288
2290
2292
2294
2297
2299
2301
2303
2305
2307
2308
2310
2312
2314
2315
2316
2317
2319
2321
2323
2325
2328
2330
2332
2334
2336
2338
2340
2342
2344
2407
2427
2429
2431
2433
2435
2438
2441
2443
2445
2448
2450
2452
2454
2456
2458
2460
2462
2465
2467
2469
2470
2472
2474
2475
2477
2479
2481
2483
2485
2488
2490
2492
2494
2496
2498
2500
2502
2504
2505
2509
2511
2513
2515
2517
2518
2520
2524
2526
2528
2530
2532
2534
2537
2538
2540
2542
2544
2546
2548
2551
2553
2555
2558
2560
2562
2584
2747
2749
2751
2753
2755
2758
2760
2762
2765
2769
2770
2772
2774
2776
2779
2781
3158
3163
3400
3403
3405
3408
3908
3911
3913
3915
3918
3919
3921
3923
3925
3927
3929
3949
4538
4541
4544
4546
4624
4637
4638
4641
4643
4645
4657
4659
4661
4663
4665
4667
4669
4670
4686
4740
4742
4752
4756
4770
4856
4858
4862
4864
4866
4868
4872
4874
4876
4878
4880
4882
4885
4888
4890
4892
4894
4896
4898
4900
4902
4904
4906
4908
4910
4912
4914
4916
4918
4920
4924
4927
4930
4932
4934
4936
4938
4940
4942
4944
4946
4948
4950
4951
4953
4955
4957
4959
4961
4963
4965
4967
4969
4972
4974
4977
4979
4980
4982
4984
4986
4988
4990
4992
4995
4997
4999
5000
5004
5005
5007
5009
5012
5015
5017
5019
5021
5024
5026
5028
5030
5032
5034
5036
5037
5038
5040
5042
5046
5047
5049
5051
5052
5054
5056
5058
5060
5062
5064
5066
5068
5070
5072
5076
5078
5080
5081
5084
5086
5087
5089
5171
5173
5175
5178
5179
5182
5183
5185
5188
5190
5192
5194
5196
5199
5202
5204
5206
5208
5210
5212
5214
5216
5218
5220
5222
5224
5226
5228
5230
5234
5236
5239
5241
5244
5246
5248
5250
5253
5255
5257
5260
5262
5264
5266
5267
5276
5288
5314
5874
5876
5878
5880
5882
5884
5886
5888
5890
5892
5894
5897
6969
6971
6973
6975
6977
6979
6981
6983
6985
6987
6989
6991
6994
6996
6998
7001
7005
7006
7008
7010
7012
7015
7017
7019
7021
7023
7025
7026
7028
7030
7032
7034
7036
7038
7040
7042
7044
7046
7048
7050
7051
7053
7056
7057
7060
7062
7064
7066
7068
7070
7072
7074
7079
7097
7100
7102
7104
7107
7109
7110
7112
7114
7116
7118
7121
7123
7125
7127
7129
7132
7134
7137
7141
7144
7146
7148
7149
7151
7154
7156
7158
7160
7162
7164
7166
7168
7170
7172
7174
7176
7178
7180
7181
7183
7184
7186
7188
7190
7192
7194
7196
7198
7200
7203
7205
7207
7209
7212
7214
7215
7219
7221
7224
7226
7228
7231
7232
7234
7236
7238
7240
7242
7244
7247
7250
7251
7253
7255
7257
7259
7261
7263
7265
7267
7269
7271
7273
7275
7278
7281
7283
7285
7288
7290
7292
7294
7296
7298
7300
7302
7304
7306
7308
7310
7312
7314
7316
7318
7320
7322
7323
7325
7328
7330
7332
7333
7335
7337
7339
7341
7343
7345
7347
7350
7353
7355
7356
7359
7362
7363
7365
7367
7369
7371
7374
7376
7377
7380
7382
7384
7386
7388
7390
7392
7394
7396
7398
7400
7401
7403
7406
7410
7412
7415
7416
7420
7422
7424
7426
7430
7434
7436
7438
7440
7442
7445
7446
7448
7451
7453
7455
7459
7461
7463
7465
7469
7471
7473
7475
7477
7479
7482
7485
7487
7489
7491
7493
7495
7497
7499
7501
7503
7505
7507
7509
7511
7513
7515
7517
7521
7524
7527
7529
7531
7533
7535
7537
7539
7541
7543
7545
7547
7548
7550
7552
7554
7556
7558
7560
7562
7564
7566
7569
7571
7574
7576
7577
7579
7581
7583
7585
7587
7589
7592
7594
7596
7597
7601
7602
7604
7606
7609
7612
7614
7616
7618
7621
7623
7625
7627
7629
7631
7633
7634
7635
7637
7639
7643
7644
7646
7648
7649
7651
7653
7655
7657
7659
7661
7663
7665
7667
7669
7673
7675
7677
7678
7681
7683
7684
7686
7688
7690
7692
7694
7697
7699
7701
7703
7705
7707
7709
7712
7713
7716
7717
7719
7722
7724
7726
7728
7730
7733
7736
7738
7740
7742
7744
7746
7748
7750
7752
7754
7756
7758
7760
7762
7764
7768
7770
7773
7775
7778
7780
7782
7784
7787
7789
7791
7794
7796
7798
7800
7801
7803
7805
7807
7809
7812
7814
7815
7816
7818
7820
7822
7824
7826
7828
7830
7832
7835
7838
7840
7843
7845
7847
7849
7851
7853
7855
7857
7859
7862
7864
7866
7868
7870
7872
7873
7875
7877
7879
7880
7881
7882
7884
7886
7888
7890
7893
7895
7897
7899
7901
7903
7905
7907
7909
7911
7913
7915
7917
7919
7921
7923
7926
7928
7929
7931
7933
7935
7937
7940
7943
7945
7947
7950
7952
7954
7956
7958
7960
7962
7964
7967
7969
7971
7972
7974
7976
7977
7979
7981
7983
7985
7987
7990
7992
7994
7996
7998
8000
8002
8004
8006
8007
8011
8013
8015
8017
8019
8020
8022
8026
8028
8030
8032
8034
8036
8039
8040
8042
8044
8046
8048
8050
8053
8055
8057
8060
8062
8064
8066
8068
8070
8072
8074
8075
8077
8079
8081
8083
8085
8087
8089
8091
8093
8095
8097
8099
8101
8103
8105
8107
8109
8112
8114
8116
8119
8123
8124
8126
8128
8130
8133
8135
8137
8139
8141
8143
8144
8146
8148
8150
8152
8154
8156
8158
8160
8162
8164
8166
8168
8169
8171
8174
8175
8178
8180
8182
8184
8186
8188
8190
8192
8197
8198
8200
8202
8205
8207
8209
8212
8214
8215
8217
8219
8221
8223
8226
8228
8230
8232
8234
8237
8239
8242
8246
8249
8251
8253
8254
8256
8259
8261
8263
8265
8267
8269
8271
8273
8275
8277
8279
8281
8283
8285
8286
8288
8289
8291
8293
8295
8297
8299
8301
8303
8305
8308
8310
8312
8314
8317
8319
8320
8324
8326
8329
8331
8333
8336
8337
8339
8341
8343
8345
8347
8349
8352
8355
8356
8358
8360
8362
8364
8366
8368
8370
8372
8374
8376
8378
8380
8383
8386
8388
8390
8393
8395
8397
8399
8401
8403
8405
8407
8409
8411
8413
8415
8417
8419
8421
8423
8425
8427
8428
8430
8433
8435
8437
8438
8440
8442
8444
8446
8448
8450
8452
8455
8458
8460
8461
8464
8467
8468
8470
8472
8474
8476
8479
8481
8482
8485
8487
8489
8491
8493
8495
8497
8499
8501
8503
8505
8506
8508
8511
8515
8517
8520
8521
8525
8527
8529
8531
8535
8539
8541
8543
8545
8547
8550
8551
8553
8556
8558
8560
8564
8566
8568
8570
8574
8576
8578
8580
8582
8584
8587
8590
8592
8594
8596
8598
8600
8602
8604
8606
8608
8610
8612
8614
8616
8618
8620
8622
8626
8629
8632
8634
8636
8638
8640
8642
8644
8646
8648
8650
8652
8653
8655
8657
8659
8661
8663
8665
8667
8669
8671
8674
8676
8679
8681
8682
8684
8686
8688
8690
8692
8694
8697
8699
8701
8702
8706
8707
8709
8711
8714
8717
8719
8721
8723
8726
8728
8730
8732
8734
8736
8738
8739
8740
8742
8744
8748
8749
8751
8753
8754
8756
8758
8760
8762
8764
8766
8768
8770
8772
8774
8778
8780
8782
8783
8786
8788
8789
8791
8793
8795
8797
8799
8802
8804
8806
8808
8810
8812
8814
8817
8818
8821
8822
8824
8827
8829
8831
8833
8835
8838
8841
8843
8845
8847
8849
8851
8853
8855
8857
8859
8861
8863
8865
8867
8869
8873
8875
8878
8880
8883
8885
8887
8889
8892
8894
8896
8899
8901
8903
8905
8906
8908
8910
8912
8914
8917
8919
8920
8921
8923
8925
8927
8929
8931
8933
8935
8937
8940
8943
8945
8948
8950
8952
8954
8956
8958
8960
8962
8964
8967
8969
8971
8973
8975
8977
8978
8980
8982
8984
8985
8986
8987
8989
8991
8993
8995
8998
9000
9002
9004
9006
9008
9010
9012
9014
9016
9018
9020
9022
9024
9026
9028
9031
9033
9034
9036
9038
9040
9042
9045
9048
9050
9052
9055
9057
9059
9061
9063
9065
9067
9069
9072
9074
9076
9077
9079
9081
9082
9084
9086
9088
9090
9092
9095
9097
9099
9101
9103
9105
9107
9109
9111
9112
9116
9118
9120
9122
9124
9125
9127
9131
9133
9135
9137
9139
9141
9144
9145
9147
9149
9151
9153
9155
9158
9160
9162
9165
9167
9169
9171
9173
9175
9177
9179
9180
9182
9184
9186
9188
9190
9192
9194
9196
9198
9200
9202
9204
9206
9208
9210
9212
9214
9217
9219
9221
9224
9228
9229
9231
9233
9235
9238
9240
9242
9244
9246
9248
9249
9251
9253
9255
9257
9259
9261
9263
9265
9267
9269
9271
9273
9274
9276
9279
9280
9283
9285
9287
9289
9291
9293
9295
9297
9302
9303
9305
9307
9310
9312
9314
9317
9319
9320
9322
9324
9326
9328
9331
9333
9335
9337
9339
9342
9344
9347
9351
9354
9356
9358
9359
9361
9364
9366
9368
9370
9372
9374
9376
9378
9380
9382
9384
9386
9388
9390
9391
9393
9394
9396
9398
9400
9402
9404
9406
9408
9410
9413
9415
9417
9419
9422
9424
9425
9429
9431
9434
9436
9438
9441
9442
9444
9446
9448
9450
9452
9454
9457
9460
9461
9463
9465
9467
9469
9471
9473
9475
9477
9479
9481
9483
9485
9488
9491
9493
9495
9498
9500
9502
9504
9506
9508
9510
9512
9514
9516
9518
9520
9522
9524
9526
9528
9530
9532
9533
9535
9538
9540
9542
9543
9545
9547
9549
9551
9553
9555
9557
9560
9563
9565
9566
9569
9572
9573
9575
9577
9579
9581
9584
9586
9587
9590
9592
9594
9596
9598
9600
9602
9604
9606
9608
9610
9611
9613
9616
9620
9622
9625
9626
9630
9632
9634
9636
9640
9644
9646
9648
9650
9652
9655
9656
9658
9661
9663
9665
9669
9671
9673
9675
9679
9681
9683
9685
9687
9689
9692
9695
9697
9699
9701
9703
9705
9707
9709
9711
9713
9715
9717
9719
9721
9723
9725
9727
9731
9734
9737
9739
9741
9743
9745
9747
9749
9751
9753
9755
9757
9758
9760
9762
9764
9766
9768
9770
9772
9774
9776
9779
9781
9784
9786
9787
9789
9791
9793
9795
9797
9799
9802
9804
9806
9807
9811
9812
9814
9816
9819
9822
9824
9826
9828
9831
9833
9835
9837
9839
9841
9843
9844
9845
9847
9849
9853
9854
9856
9858
9859
9861
9863
9865
9867
9869
9871
9873
9875
9877
9879
9883
9885
9887
9888
9891
9893
9894
9896
9898
9900
9902
9904
9907
9909
9911
9913
9915
9917
9919
9922
9923
9926
9927
9929
9932
9934
9936
9938
9940
9943
9946
9948
9950
9952
9954
9956
9958
9960
9962
9964
9966
9968
9970
9972
9974
9978
9980
9983
9985
9988
9990
9992
9994
9997
9999
10001
10004
10006
10008
10010
10011
10013
10015
10017
10019
10022
10024
10025
10026
10028
10030
10032
10034
10036
10038
10040
10042
10045
10048
10050
10053
10055
10057
10059
10061
10063
10065
10067
10069
10072
10074
10076
10078
10080
10082
10083
10085
10087
10089
10090
10091
10092
10094
10096
10098
10100
10103
10105
10107
10109
10111
10113
10115
10117
10119
10121
10123
10125
10127
10129
10131
10133
10136
10138
10139
10141
10143
10145
10147
10150
10153
10155
10157
10160
10162
10164
10166
10168
10170
10172
10174
10177
10179
10181
10182
10184
10186
10187
10189
10191
10193
10195
10197
10200
10202
10204
10206
10208
10210
10212
10214
10216
10217
10221
10223
10225
10227
10229
10230
10232
10236
10238
10240
10242
10244
10246
10249
10250
10252
10254
10256
10258
10260
10263
10265
10267
10270
10272
10274
10276
10278
10280
10282
10284
10285
10287
10289
10291
10293
10295
10297
10299
10301
10303
10305
10307
10309
10311
10313
10315
10317
10319
10322
10324
10326
10329
10333
10334
10336
10338
10340
10343
10345
10347
10349
10351
10353
10354
10356
10358
10360
10362
10364
10366
10368
10370
10372
10374
10376
10378
10379
10381
10384
10385
10388
10390
10392
10394
10396
10398
10400
10402
10407
10408
10410
10412
10415
10417
10419
10422
10424
10425
10427
10429
10431
10433
10436
10438
10440
10442
10444
10447
10449
10452
10456
10459
10461
10463
10464
10466
10469
10471
10473
10475
10477
10479
10481
10483
10485
10487
10489
10491
10493
10495
10496
10498
10499
10501
10503
10505
10507
10509
10511
10513
10515
10518
10520
10522
10524
10527
10529
10530
10534
10536
10539
10541
10543
10546
10547
10549
10551
10553
10555
10557
10559
10562
10565
10566
10568
10570
10572
10574
10576
10578
10580
10582
10584
10586
10588
10590
10593
10596
10598
10600
10603
10605
10607
10609
10611
10613
10615
10617
10619
10621
10623
10625
10627
10629
10631
10633
10635
10637
10638
10640
10643
10645
10647
10648
10650
10652
10654
10656
10658
10660
10662
10665
10668
10670
10671
10674
10677
10678
10680
10682
10684
10686
10689
10691
10692
10695
10697
10699
10701
10703
10705
10707
10709
10711
10713
10715
10716
10718
10721
10725
10727
10730
10731
10735
10737
10739
10741
10745
10749
10751
10753
10755
10757
10760
10761
10763
10766
10768
10770
10774
10776
10778
10780
10784
10786
10788
10790
10792
10794
10797
10800
10802
10804
10806
10808
10810
10812
10814
10816
10818
10820
10822
10824
10826
10828
10830
10832
10836
10839
10842
10844
10846
10848
10850
10852
10854
10856
10858
10860
10862
10863
10865
10867
10869
10871
10873
10875
10877
10879
10881
10884
10886
10889
10891
10892
10894
10896
10898
10900
10902
10904
10907
10909
10911
10912
10916
10917
10919
10921
10924
10927
10929
10931
10933
10936
10938
10940
10942
10944
10946
10948
10949
10950
10952
10954
10958
10959
10961
10963
10964
10966
10968
10970
10972
10974
10976
10978
10980
10982
10984
10988
10990
10992
10993
10996
10998
10999
11001
11003
11005
11007
11009
11012
11014
11016
11018
11020
11022
11024
11027
11028
11031
11032
11034
11037
11039
11041
11043
11045
11048
11051
11053
11055
11057
11059
11061
11063
11065
11067
11069
11071
11073
11075
11077
11079
11083
11085
11088
11090
11093
11095
11097
11099
11102
11104
11106
11109
11111
11113
11115
11116
11118
11120
11122
11124
11127
11129
11130
11131
11133
11135
11137
11139
11141
11143
11145
11147
11150
11153
11155
11158
11160
11162
11164
11166
11168
11170
11172
11174
11177
11179
11181
11183
11185
11187
11188
11190
11192
11194
11195
11196
11197
11199
11201
11203
11205
11208
11210
11212
11214
11216
11218
11220
11222
11224
11226
11228
11230
11232
11234
11236
11238
11241
11243
11244
11246
11248
11250
11252
11255
11258
11260
11262
11265
11267
11269
11271
11273
11275
11277
11279
11282
11284
11286
11287
11289
11291
11292
11294
11296
11298
11300
11302
11305
11307
11309
11311
11313
11315
11317
11319
11321
11322
11326
11328
11330
11332
11334
11335
11337
11341
11343
11345
11347
11349
11351
11354
11355
11357
11359
11361
11363
11365
11368
11370
11372
11375
11377
11379
11381
11383
11385
11387
11389
11390
11392
11394
11396
11398
11400
11402
11404
11406
11408
11410
11412
11414
11416
11418
11420
  }
/
