amber
  prmtop prot_watsph.prmtop
  inpcrds {
    prot_watsph.rst7
  }
/

restart
  # 额外增加弹性网络模型
  read_indexes 0
  file mix.gz
  mixdir mix.mix
/

sbbonded
/

enm
  style 1
  k 10.0
  cutoff 10.0
  mask {
1
3
6
8
10
13
17
18
20
22
24
27
29
31
33
35
37
38
40
42
44
46
48
50
52
54
56
58
60
62
63
65
68
69
72
74
76
78
80
82
84
86
91
92
94
96
99
101
103
106
108
109
111
113
115
117
120
122
124
126
128
131
133
136
140
143
145
147
148
150
153
155
157
159
161
163
165
167
169
171
173
175
177
179
180
182
183
185
187
189
191
193
195
197
199
202
204
206
208
211
213
214
218
220
223
225
227
230
231
233
235
237
239
241
243
246
249
250
252
254
256
258
260
262
264
266
268
270
272
274
277
280
282
284
287
289
291
293
295
297
299
301
303
305
307
309
311
313
315
317
319
321
322
324
327
329
331
332
334
336
338
340
342
344
346
349
352
354
355
358
361
362
364
366
368
370
373
375
376
379
381
383
385
387
389
391
393
395
397
399
400
402
405
409
411
414
415
419
421
423
425
429
433
435
437
439
441
444
445
447
450
452
454
458
460
462
464
468
470
472
474
476
478
481
484
486
488
490
492
494
496
498
500
502
504
506
508
510
512
514
516
520
523
526
528
530
532
534
536
538
540
542
544
546
547
549
551
553
555
557
559
561
563
565
568
570
573
575
576
578
580
582
584
586
588
591
593
595
596
600
601
603
605
608
611
613
615
617
620
622
624
626
628
630
632
633
634
636
638
642
643
645
647
648
650
652
654
656
658
660
662
664
666
668
672
674
676
677
680
682
683
685
687
689
691
693
696
698
700
702
704
706
708
711
712
715
716
718
721
723
725
727
729
732
735
737
739
741
743
745
747
749
751
753
755
757
759
761
763
767
769
772
774
777
779
781
783
786
788
790
793
795
797
799
800
802
804
806
808
811
813
814
815
817
819
821
823
825
827
829
831
834
837
839
842
844
846
848
850
852
854
856
858
861
863
865
867
869
871
872
874
876
878
879
880
881
883
885
887
889
892
894
896
898
900
902
904
906
908
910
912
914
916
918
920
922
925
927
928
930
932
934
936
939
942
944
946
949
951
953
955
957
959
961
963
966
968
970
971
973
975
976
978
980
982
984
986
989
991
993
995
997
999
1001
1003
1005
1006
1010
1012
1014
1016
1018
1019
1021
1025
1027
1029
1031
1033
1035
1038
1039
1041
1043
1045
1047
1049
1052
1054
1056
1059
1061
1063
1065
1067
1069
1071
1073
1074
1076
1078
1080
1082
1084
1086
1088
1090
1092
1094
1096
1098
1100
1102
1104
1106
1217
1219
1231
1233
1235
1236
1238
1240
1242
1244
1246
1248
1250
1252
1254
1256
1258
1260
1261
1263
1266
1267
1270
1272
1274
1276
1278
1280
1282
1284
1289
1290
1292
1294
1297
1299
1301
1304
1306
1307
1309
1311
1313
1315
1318
1320
1322
1324
1326
1329
1331
1349
1352
1371
1397
1399
1420
1422
1424
1426
1428
1430
1432
1434
1436
1437
1439
1440
1442
1444
1446
1448
1450
1452
1454
1456
1459
1461
1470
1473
1495
1497
1519
1715
1717
1719
1721
1723
1725
1727
1730
1733
1735
1737
1740
1742
1744
1746
1748
1750
1752
1754
1756
1758
1760
1762
1764
1766
1768
1770
1772
1774
1775
1777
1780
1782
1784
1785
1787
1789
1791
1793
1795
1797
1799
1802
1805
1807
1808
1811
1814
1815
1817
1819
1821
1823
1826
1828
1829
1832
1834
1836
1838
1840
1842
1844
1846
1848
1850
1852
1853
1855
1858
1862
1864
1867
1868
1872
1874
1876
1878
1882
1886
1888
1890
1892
1894
1897
1898
1900
1903
1905
1907
1911
1913
1915
1917
1921
1923
1925
1927
1929
1931
1948
1950
1952
1954
1956
1958
1960
1962
1964
1966
1968
1970
1972
1974
1976
1978
1980
1984
1987
1990
1992
1994
1996
1998
2000
2023
2042
2044
2046
2048
2050
2052
2054
2056
2058
2060
2063
2065
2068
2070
2071
2073
2075
2077
2079
2081
2083
2086
2088
2090
2111
2113
2115
2118
2121
2123
2125
2127
2130
2132
2134
2136
2138
2140
2142
2143
2144
2146
2148
2152
2153
2155
2157
2158
2160
2162
2164
2166
2168
2170
2172
2174
2176
2178
2182
2184
2186
2187
2190
2192
2193
2195
2197
2199
2201
2203
2206
2208
2210
2212
2214
2216
2218
2221
2222
2225
2226
2228
2231
2233
2235
2237
2239
2242
2245
2247
2249
2251
2253
2255
2257
2259
2261
2263
2265
2267
2269
2271
2273
2277
2279
2282
2284
2287
2289
2291
2293
2296
2298
2300
2303
2305
2307
2309
2310
2312
2314
2316
2318
2321
2323
2324
2325
2327
2329
2331
2333
2335
2337
2339
2341
2344
2347
2349
2352
2354
2356
2358
2360
2362
2364
2366
2368
2371
2373
2375
2377
2379
2381
2382
2384
2386
2388
2389
2390
2391
2393
2395
2397
2399
2402
2404
2406
2408
2410
2412
2414
2416
2418
2481
2484
2493
2495
2497
2499
2501
2504
2507
2509
2511
2514
2516
2518
2520
2522
2524
2526
2528
2531
2533
2535
2536
2538
2540
2541
2543
2545
2547
2549
2551
2554
2556
2558
2560
2562
2564
2566
2568
2570
2571
2575
2577
2579
2581
2583
2584
2586
2590
2592
2594
2596
2598
2600
2603
2604
2606
2608
2610
2612
2614
2617
2619
2621
2624
2626
2628
2838
2840
2842
2844
2847
2849
2851
2854
2858
2859
2861
2863
2865
2868
2870
2872
3232
3482
3485
3487
3490
3494
3937
3938
3942
3944
3947
3949
3951
3954
3955
3957
3959
3961
3963
3965
3967
3970
3973
3993
4811
4813
4815
4816
5098
5100
5102
5104
5108
5110
5112
5114
5116
5118
5121
5124
5126
5128
5130
5132
5134
5136
5138
5140
5142
5144
5146
5148
5150
5152
5154
5156
5160
5163
5166
5168
5170
5172
5174
5176
5178
5180
5182
5184
5186
5187
5189
5191
5193
5195
5197
5199
5201
5203
5205
5208
5210
5213
5215
5216
5218
5220
5231
5256
5258
5260
5261
5265
5266
5268
5270
5273
5276
5278
5280
5282
5285
5287
5289
5291
5293
5295
5297
5298
5299
5301
5303
5307
5308
5310
5312
5313
5315
5317
5319
5321
5323
5325
5327
5329
5331
5333
5337
5339
5341
5342
5345
5347
5484
5487
5488
5491
5492
5494
5497
5499
5501
5503
5505
5508
5511
5513
5515
5517
5519
5521
5523
5525
5527
5529
5531
5533
5535
5537
5539
5543
5545
5548
5550
5553
5555
5557
5559
5562
5564
5566
5569
5571
5573
5575
6247
6249
6251
6253
6255
6257
6259
6261
6263
6265
6267
6270
6272
6273
6275
6297
6618
7174
7176
7178
7180
7182
7184
7186
7188
7190
7192
7194
7196
7198
7201
7203
7205
7208
7212
7213
7215
7217
7219
7222
7224
7226
7228
7230
7232
7233
7235
7237
7239
7241
7243
7245
7247
7249
7251
7253
7255
7257
7258
7260
7263
7264
7267
7269
7271
7273
7275
7277
7279
7322
7325
7327
7329
7332
7334
7335
7337
7339
7341
7343
7346
7348
7350
7352
7354
7357
7359
7362
7366
7369
7371
7373
7374
7376
7379
7381
7383
7385
7387
7389
7391
7393
7395
7397
7399
7401
7403
7405
7406
7408
7409
7411
7413
7415
7417
7419
7421
7423
7425
7428
7430
7432
7434
7437
7439
7440
7444
7446
7449
7451
7453
7456
7457
7459
7461
7463
7465
7467
7469
7472
7475
7476
7478
7480
7482
7484
7486
7488
7490
7492
7494
7496
7498
7500
7503
7506
7508
7510
7513
7515
7517
7519
7521
7523
7525
7527
7529
7531
7533
7535
7537
7539
7541
7543
7545
7547
7548
7550
7553
7555
7557
7558
7560
7562
7564
7566
7568
7570
7572
7575
7578
7580
7581
7584
7587
7588
7590
7592
7594
7596
7599
7601
7602
7605
7607
7609
7611
7613
7615
7617
7619
7621
7623
7625
7626
7628
7631
7635
7637
7640
7641
7645
7647
7649
7651
7655
7659
7661
7663
7665
7667
7670
7671
7673
7676
7678
7680
7684
7686
7688
7690
7694
7696
7698
7700
7702
7704
7707
7710
7712
7714
7716
7718
7720
7722
7724
7726
7728
7730
7732
7734
7736
7738
7740
7742
7746
7749
7752
7754
7756
7758
7760
7762
7764
7766
7768
7770
7772
7773
7775
7777
7779
7781
7783
7785
7787
7789
7791
7794
7796
7799
7801
7802
7804
7806
7808
7810
7812
7814
7817
7819
7821
7822
7826
7827
7829
7831
7834
7837
7839
7841
7843
7846
7848
7850
7852
7854
7856
7858
7859
7860
7862
7864
7868
7869
7871
7873
7874
7876
7878
7880
7882
7884
7886
7888
7890
7892
7894
7898
7900
7902
7903
7906
7908
7909
7911
7913
7915
7917
7919
7922
7924
7926
7928
7930
7932
7934
7937
7938
7941
7942
7944
7947
7949
7951
7953
7955
7958
7961
7963
7965
7967
7969
7971
7973
7975
7977
7979
7981
7983
7985
7987
7989
7993
7995
7998
8000
8003
8005
8007
8009
8012
8014
8016
8019
8021
8023
8025
8026
8028
8030
8032
8034
8037
8039
8040
8041
8043
8045
8056
8058
8060
8062
8064
8067
8070
8072
8075
8077
8079
8081
8083
8085
8087
8089
8091
8094
8096
8098
8100
8102
8104
8105
8107
8109
8111
8112
8113
8114
8116
8118
8120
8122
8125
8127
8129
8131
8133
8135
8137
8139
8141
8143
8145
8147
8149
8151
8153
8155
8158
8160
8161
8163
8165
8167
8169
8172
8175
8177
8179
8182
8184
8186
8188
8190
8192
8194
8196
8199
8201
8203
8204
8206
8208
8209
8211
8213
8215
8217
8219
8222
8224
8226
8228
8230
8232
8234
8236
8238
8239
8243
8245
8247
8249
8251
8252
8254
8258
8260
8262
8264
8266
8268
8271
8272
8274
8276
8278
8280
8282
8285
8287
8289
8292
8294
8296
8298
8300
8302
8304
8306
8307
8309
8311
8313
8315
8317
8319
8321
8323
8325
8327
8329
8331
8333
8335
8337
8339
8341
8344
8346
8348
8351
8355
8356
8358
8360
8362
8365
8367
8369
8371
8373
8375
8376
8378
8380
8382
8384
8386
8388
8390
8392
8394
8396
8398
8400
8401
8403
8406
8407
8410
8412
8414
8416
8418
8420
8422
8424
8429
8430
8432
8434
8437
8439
8441
8444
8446
8447
8449
8451
8453
8455
8458
8460
8462
8464
8466
8469
8471
8474
8478
8481
8483
8485
8486
8488
8491
8493
8495
8497
8499
8501
8503
8505
8507
8509
8511
8513
8515
8517
8518
8520
8521
8523
8525
8527
8529
8531
8533
8535
8537
8540
8542
8544
8546
8549
8551
8552
8556
8558
8561
8563
8565
8568
8569
8571
8573
8575
8577
8579
8581
8584
8587
8588
8590
8592
8594
8596
8598
8600
8602
8604
8606
8608
8610
8612
8615
8618
8620
8622
8625
8627
8629
8631
8633
8635
8637
8639
8641
8643
8645
8647
8649
8651
8653
8655
8657
8659
8660
8662
8665
8667
8669
8670
8672
8674
8676
8678
8680
8682
8684
8687
8690
8692
8693
8696
8699
8700
8702
8704
8706
8708
8711
8713
8714
8717
8719
8721
8723
8725
8727
8729
8731
8733
8735
8737
8738
8740
8743
8747
8749
8752
8753
8757
8759
8761
8763
8767
8771
8773
8775
8777
8779
8782
8783
8785
8788
8790
8792
8796
8798
8800
8802
8806
8808
8810
8812
8814
8816
8819
8822
8824
8826
8828
8830
8832
8834
8836
8838
8840
8842
8844
8846
8848
8850
8852
8854
8858
8861
8864
8866
8868
8870
8872
8874
8876
8878
8880
8882
8884
8885
8887
8889
8891
8893
8895
8897
8899
8901
8903
8906
8908
8911
8913
8914
8916
8918
8920
8922
8924
8926
8929
8931
8933
8934
8938
8939
8941
8943
8946
8949
8951
8953
8955
8958
8960
8962
8964
8966
8968
8970
8971
8972
8974
8976
8980
8981
8983
8985
8986
8988
8990
8992
8994
8996
8998
9000
9002
9004
9006
9010
9012
9014
9015
9018
9020
9021
9023
9025
9027
9029
9031
9034
9036
9038
9040
9042
9044
9046
9049
9050
9053
9054
9056
9059
9061
9063
9065
9067
9070
9073
9075
9077
9079
9081
9083
9085
9087
9089
9091
9093
9095
9097
9099
9101
9105
9107
9110
9112
9115
9117
9119
9121
9124
9126
9128
9131
9133
9135
9137
9138
9140
9142
9144
9146
9149
9151
9152
9153
9155
9157
9159
9161
9163
9165
9167
9169
9172
9175
9177
9180
9182
9184
9186
9188
9190
9192
9194
9196
9199
9201
9203
9205
9207
9209
9210
9212
9214
9216
9217
9218
9219
9221
9223
9225
9227
9230
9232
9234
9236
9238
9240
9242
9244
9246
9248
9250
9252
9254
9256
9258
9260
9263
9265
9266
9268
9270
9272
9274
9277
9280
9282
9284
9287
9289
9291
9293
9295
9297
9299
9301
9304
9306
9308
9309
9311
9313
9314
9316
9318
9320
9322
9324
9327
9329
9331
9333
9335
9337
9339
9341
9343
9344
9348
9350
9352
9354
9356
9357
9359
9363
9365
9367
9369
9371
9373
9376
9377
9379
9381
9383
9385
9387
9390
9392
9394
9397
9399
9401
9403
9405
9407
9409
9411
9412
9414
9416
9418
9420
9422
9424
9426
9428
9430
9432
9434
9436
9438
9440
9442
9444
9446
9449
9451
9453
9456
9460
9461
9463
9465
9467
9470
9472
9474
9476
9478
9480
9481
9483
9485
9487
9489
9491
9493
9495
9497
9499
9501
9503
9505
9506
9508
9511
9512
9515
9517
9519
9521
9523
9525
9527
9529
9534
9535
9537
9539
9542
9544
9546
9549
9551
9552
9554
9556
9558
9560
9563
9565
9567
9569
9571
9574
9576
9579
9583
9586
9588
9590
9591
9593
9596
9598
9600
9602
9604
9606
9608
9610
9612
9614
9616
9618
9620
9622
9623
9625
9626
9628
9630
9632
9634
9636
9638
9640
9642
9645
9647
9649
9651
9654
9656
9657
9661
9663
9666
9668
9670
9673
9674
9676
9678
9680
9682
9684
9686
9689
9692
9693
9695
9697
9699
9701
9703
9705
9707
9709
9711
9713
9715
9717
9720
9723
9725
9727
9730
9732
9734
9736
9738
9740
9742
9744
9746
9748
9750
9752
9754
9756
9758
9760
9762
9764
9765
9767
9770
9772
9774
9775
9777
9779
9781
9783
9785
9787
9789
9792
9795
9797
9798
9801
9804
9805
9807
9809
9811
9813
9816
9818
9819
9822
9824
9826
9828
9830
9832
9834
9836
9838
9840
9842
9843
9845
9848
9852
9854
9857
9858
9862
9864
9866
9868
9872
9876
9878
9880
9882
9884
9887
9888
9890
9893
9895
9897
9901
9903
9905
9907
9911
9913
9915
9917
9919
9921
9924
9927
9929
9931
9933
9935
9937
9939
9941
9943
9945
9947
9949
9951
9953
9955
9957
9959
9963
9966
9969
9971
9973
9975
9977
9979
9981
9983
9985
9987
9989
9990
9992
9994
9996
9998
10000
10002
10004
10006
10008
10011
10013
10016
10018
10019
10021
10023
10025
10027
10029
10031
10034
10036
10038
10039
10043
10044
10046
10048
10051
10054
10056
10058
10060
10063
10065
10067
10069
10071
10073
10075
10076
10077
10079
10081
10085
10086
10088
10090
10091
10093
10095
10097
10099
10101
10103
10105
10107
10109
10111
10115
10117
10119
10120
10123
10125
10126
10128
10130
10132
10134
10136
10139
10141
10143
10145
10147
10149
10151
10154
10155
10158
10159
10161
10164
10166
10168
10170
10172
10175
10178
10180
10182
10184
10186
10188
10190
10192
10194
10196
10198
10200
10202
10204
10206
10210
10212
10215
10217
10220
10222
10224
10226
10229
10231
10233
10236
10238
10240
10242
10243
10245
10247
10249
10251
10254
10256
10257
10258
10260
10262
10264
10266
10268
10270
10272
10274
10277
10280
10282
10285
10287
10289
10291
10293
10295
10297
10299
10301
10304
10306
10308
10310
10312
10314
10315
10317
10319
10321
10322
10323
10324
10326
10328
10330
10332
10335
10337
10339
10341
10343
10345
10347
10349
10351
10353
10355
10357
10359
10361
10363
10365
10368
10370
10371
10373
10375
10377
10379
10382
10385
10387
10389
10392
10394
10396
10398
10400
10402
10404
10406
10409
10411
10413
10414
10416
10418
10419
10421
10423
10425
10427
10429
10432
10434
10436
10438
10440
10442
10444
10446
10448
10449
10453
10455
10457
10459
10461
10462
10464
10468
10470
10472
10474
10476
10478
10481
10482
10484
10486
10488
10490
10492
10495
10497
10499
10502
10504
10506
10508
10510
10512
10514
10516
10517
10519
10521
10523
10525
10527
10529
10531
10533
10535
10537
10539
10541
10543
10545
10547
10549
10551
10554
10556
10558
10561
10565
10566
10568
10570
10572
10575
10577
10579
10581
10583
10585
10586
10588
10590
10592
10594
10596
10598
10600
10602
10604
10606
10608
10610
10611
10613
10616
10617
10620
10622
10624
10626
10628
10630
10632
10634
10639
10640
10642
10644
10647
10649
10651
10654
10656
10657
10659
10661
10663
10665
10668
10670
10672
10674
10676
10679
10681
10684
10688
10691
10693
10695
10696
10698
10701
10703
10705
10707
10709
10711
10713
10715
10717
10719
10721
10723
10725
10727
10728
10730
10731
10733
10735
10737
10739
10741
10743
10745
10747
10750
10752
10754
10756
10759
10761
10762
10766
10768
10771
10773
10775
10778
10779
10781
10783
10785
10787
10789
10791
10794
10797
10798
10800
10802
10804
10806
10808
10810
10812
10814
10816
10818
10820
10822
10825
10828
10830
10832
10835
10837
10839
10841
10843
10845
10847
10849
10851
10853
10855
10857
10859
10861
10863
10865
10867
10869
10870
10872
10875
10877
10879
10880
10882
10884
10886
10888
10890
10892
10894
10897
10900
10902
10903
10906
10909
10910
10912
10914
10916
10918
10921
10923
10924
10927
10929
10931
10933
10935
10937
10939
10941
10943
10945
10947
10948
10950
10953
10957
10959
10962
10963
10967
10969
10971
10973
10977
10981
10983
10985
10987
10989
10992
10993
10995
10998
11000
11002
11006
11008
11010
11012
11016
11018
11020
11022
11024
11026
11029
11032
11034
11036
11038
11040
11042
11044
11046
11048
11050
11052
11054
11056
11058
11060
11062
11064
11068
11071
11074
11076
11078
11080
11082
11084
11086
11088
11090
11092
11094
11095
11097
11099
11101
11103
11105
11107
11109
11111
11113
11116
11118
11121
11123
11124
11126
11128
11130
11132
11134
11136
11139
11141
11143
11144
11148
11149
11151
11153
11156
11159
11161
11163
11165
11168
11170
11172
11174
11176
11178
11180
11181
11182
11184
11186
11190
11191
11193
11195
11196
11198
11200
11202
11204
11206
11208
11210
11212
11214
11216
11220
11222
11224
11225
11228
11230
11231
11233
11235
11237
11239
11241
11244
11246
11248
11250
11252
11254
11256
11259
11260
11263
11264
11266
11269
11271
11273
11275
11277
11280
11283
11285
11287
11289
11291
11293
11295
11297
11299
11301
11303
11305
11307
11309
11311
11315
11317
11320
11322
11325
11327
11329
11331
11334
11336
11338
11341
11343
11345
11347
11348
11350
11352
11354
11356
11359
11361
11362
11363
11365
11367
11369
11371
11373
11375
11377
11379
11382
11385
11387
11390
11392
11394
11396
11398
11400
11402
11404
11406
11409
11411
11413
11415
11417
11419
11420
11422
11424
11426
11427
11428
11429
11431
11433
11435
11437
11440
11442
11444
11446
11448
11450
11452
11454
11456
11458
11460
11462
11464
11466
11468
11470
11473
11475
11476
11478
11480
11482
11484
11487
11490
11492
11494
11497
11499
11501
11503
11505
11507
11509
11511
11514
11516
11518
11519
11521
11523
11524
11526
11528
11530
11532
11534
11537
11539
11541
11543
11545
11547
11549
11551
11553
11554
11558
11560
11562
11564
11566
11567
11569
11573
11575
11577
11579
11581
11583
11586
11587
11589
11591
11593
11595
11597
11600
11602
11604
11607
11609
11611
11613
11615
11617
11619
11621
11622
11624
11626
11628
11630
11632
11634
11636
11638
11640
11642
11644
11646
11648
11650
11652
  }
/
