amber
  prmtop prot_watsph.prmtop
  inpcrds {
    prot_watsph.rst7
  }
/

restart
  # 额外增加弹性网络模型
  read_indexes 0
  file mix.gz
  mixdir mix.mix
/

sbbonded
/

enm
  style 1
  k 10.0
  cutoff 10.0
  mask {
1
3
6
8
10
13
17
18
20
22
24
27
29
31
33
35
37
38
40
42
44
46
48
50
52
54
56
58
60
62
63
65
68
69
72
74
76
78
80
82
84
86
91
92
94
96
99
101
103
106
108
109
111
113
115
117
120
122
124
126
128
131
133
136
140
143
145
147
148
150
153
155
157
159
161
163
165
167
169
171
173
175
177
179
180
182
183
185
187
189
191
193
195
197
199
202
204
206
208
211
213
214
218
220
223
225
227
230
231
233
235
237
239
241
243
246
249
250
252
254
256
258
260
262
264
266
268
270
272
274
277
280
282
284
287
289
291
293
295
297
299
301
303
305
307
309
311
313
315
317
319
321
322
324
327
329
331
332
334
336
338
340
342
344
346
349
352
354
355
358
361
362
364
366
368
370
373
375
376
379
381
383
385
387
389
391
393
395
397
399
400
402
405
409
411
414
415
419
421
423
425
429
433
435
437
439
441
444
445
447
450
452
454
458
460
462
464
468
470
472
474
476
478
481
484
486
488
490
492
494
496
498
500
502
504
506
508
510
512
514
516
520
523
526
528
530
532
534
536
538
540
542
544
546
547
549
551
553
555
557
559
561
563
565
568
570
573
575
576
578
580
582
584
586
588
591
593
595
596
600
601
603
605
608
611
613
615
617
620
622
624
626
628
630
632
633
634
636
638
642
643
645
647
648
650
652
654
656
658
660
662
664
666
668
672
674
676
677
680
682
683
685
687
689
691
693
696
698
700
702
704
706
708
711
712
715
716
718
721
723
725
727
729
732
735
737
739
741
743
745
747
749
751
753
755
757
759
761
763
767
769
772
774
777
779
781
783
786
788
790
793
795
797
799
800
802
804
806
808
811
813
814
815
817
819
821
823
825
827
829
831
834
837
839
842
844
846
848
850
852
854
856
858
861
863
865
867
869
871
872
874
876
878
879
880
881
883
885
887
889
892
894
896
898
900
902
904
906
908
910
912
914
916
918
920
922
925
927
928
930
932
934
936
939
942
944
946
949
951
953
955
957
959
961
963
966
968
970
971
973
975
976
978
980
982
984
986
989
991
993
995
997
999
1001
1003
1005
1006
1010
1012
1014
1016
1018
1019
1021
1025
1027
1029
1031
1033
1035
1038
1039
1041
1043
1045
1047
1049
1052
1054
1056
1059
1061
1063
1065
1067
1069
1071
1073
1074
1076
1078
1080
1082
1084
1086
1088
1090
1092
1094
1096
1098
1100
1102
1104
1267
1269
1270
1272
1274
1276
1278
1280
1282
1284
1286
1288
1290
1292
1294
1295
1297
1300
1301
1304
1306
1308
1310
1312
1314
1316
1318
1323
1324
1326
1328
1331
1333
1335
1338
1340
1341
1343
1345
1347
1349
1352
1354
1356
1358
1360
1363
1394
1499
1525
1527
1529
1531
1533
1535
1536
1538
1539
1541
1543
1545
1547
1549
1551
1560
1563
1565
1574
1577
1599
1601
1623
1793
1814
1816
1818
1820
1822
1824
1826
1829
1832
1834
1836
1839
1841
1843
1845
1847
1849
1851
1853
1855
1857
1859
1861
1863
1865
1867
1869
1871
1873
1874
1876
1879
1881
1883
1884
1886
1888
1890
1892
1894
1896
1898
1901
1904
1906
1907
1910
1913
1914
1916
1918
1920
1922
1925
1927
1928
1931
1933
1935
1937
1939
1941
1943
1945
1947
1949
1951
1952
1954
1957
1961
1963
1966
1967
1971
1973
1975
1977
1981
1985
1987
1989
1991
1993
1996
1997
1999
2002
2004
2006
2010
2012
2014
2016
2020
2022
2024
2026
2028
2030
2047
2049
2051
2053
2055
2057
2059
2061
2063
2065
2067
2069
2071
2073
2075
2077
2079
2083
2086
2089
2091
2093
2095
2097
2099
2101
2113
2132
2134
2136
2138
2140
2142
2144
2146
2148
2150
2153
2155
2158
2160
2161
2163
2165
2167
2169
2171
2173
2176
2178
2180
2194
2195
2197
2199
2202
2205
2207
2209
2211
2214
2216
2218
2220
2222
2224
2226
2227
2228
2230
2232
2236
2237
2239
2241
2242
2244
2246
2248
2250
2252
2254
2256
2258
2260
2262
2266
2268
2270
2271
2274
2276
2277
2279
2281
2283
2285
2287
2290
2292
2294
2296
2298
2300
2302
2305
2306
2309
2310
2312
2315
2317
2319
2321
2323
2326
2329
2331
2333
2335
2337
2339
2341
2343
2345
2347
2349
2351
2353
2355
2357
2361
2363
2366
2368
2371
2373
2375
2377
2380
2382
2384
2387
2389
2391
2393
2394
2396
2398
2400
2402
2405
2407
2408
2409
2411
2413
2415
2417
2419
2421
2423
2425
2428
2431
2433
2436
2438
2440
2442
2444
2446
2448
2450
2452
2455
2457
2459
2461
2463
2465
2466
2468
2470
2472
2473
2474
2475
2477
2479
2481
2483
2486
2488
2490
2492
2494
2496
2498
2500
2502
2565
2585
2587
2589
2591
2593
2596
2599
2601
2603
2606
2608
2610
2612
2614
2616
2618
2620
2623
2625
2627
2628
2630
2632
2633
2635
2637
2639
2641
2643
2646
2648
2650
2652
2654
2656
2658
2660
2662
2663
2667
2669
2671
2673
2675
2676
2678
2682
2684
2686
2688
2690
2692
2695
2696
2698
2700
2702
2704
2706
2709
2711
2713
2716
2718
2720
2945
2947
2949
2952
2954
2956
2959
2963
2964
2966
2968
2970
2973
2975
3629
3642
3645
4134
4138
4140
4143
4145
4147
4150
4151
4153
4155
4157
4159
4161
4163
4166
4195
4922
4925
5001
5003
5005
5311
5313
5315
5317
5321
5323
5325
5327
5329
5331
5334
5337
5339
5341
5343
5345
5347
5349
5351
5353
5355
5357
5359
5361
5363
5365
5367
5369
5373
5376
5379
5381
5383
5385
5387
5389
5391
5393
5395
5397
5399
5400
5402
5404
5406
5408
5410
5412
5414
5416
5418
5421
5423
5426
5428
5429
5431
5433
5444
5469
5486
5490
5491
5493
5495
5498
5501
5503
5505
5507
5510
5512
5514
5516
5518
5520
5522
5523
5524
5526
5528
5532
5533
5535
5537
5538
5540
5542
5544
5546
5548
5550
5552
5554
5556
5558
5562
5564
5566
5567
5570
5572
5573
5680
5692
5695
5696
5699
5700
5702
5705
5707
5709
5711
5713
5716
5719
5721
5723
5725
5727
5729
5731
5733
5735
5737
5739
5741
5743
5745
5747
5751
5753
5756
5758
5761
5763
5765
5767
5770
5772
5788
5790
5792
5794
6467
6469
6471
6473
6475
6477
6479
6481
6483
6485
6487
6490
7537
7539
7541
7543
7545
7547
7549
7551
7553
7555
7557
7559
7562
7564
7566
7569
7573
7574
7576
7578
7580
7583
7585
7587
7589
7591
7593
7594
7596
7598
7600
7602
7604
7606
7608
7610
7612
7614
7616
7618
7619
7621
7624
7625
7628
7630
7642
7644
7646
7648
7691
7703
7705
7708
7710
7711
7713
7715
7717
7719
7722
7724
7726
7728
7730
7733
7735
7738
7742
7745
7747
7749
7750
7752
7755
7757
7759
7761
7763
7765
7767
7769
7771
7773
7775
7777
7779
7781
7782
7784
7785
7787
7789
7791
7793
7795
7797
7799
7801
7804
7806
7808
7810
7813
7815
7816
7820
7822
7825
7827
7829
7832
7833
7835
7837
7839
7841
7843
7845
7848
7851
7852
7854
7856
7858
7860
7862
7864
7866
7868
7870
7872
7874
7876
7879
7882
7884
7886
7889
7891
7893
7895
7897
7899
7901
7903
7905
7907
7909
7911
7913
7915
7917
7919
7921
7923
7924
7926
7929
7931
7933
7934
7936
7938
7940
7942
7944
7946
7948
7951
7954
7956
7957
7960
7963
7964
7966
7968
7970
7972
7975
7977
7978
7981
7983
7985
7987
7989
7991
7993
7995
7997
7999
8001
8002
8004
8007
8011
8013
8016
8017
8021
8023
8025
8027
8031
8035
8037
8039
8041
8043
8046
8047
8049
8052
8054
8056
8060
8062
8064
8066
8070
8072
8074
8076
8078
8080
8083
8086
8088
8090
8092
8094
8096
8098
8100
8102
8104
8106
8108
8110
8112
8114
8116
8118
8122
8125
8128
8130
8132
8134
8136
8138
8140
8142
8144
8146
8148
8149
8151
8153
8155
8157
8159
8161
8163
8165
8167
8170
8172
8175
8177
8178
8180
8182
8184
8186
8188
8190
8193
8195
8197
8198
8202
8203
8205
8207
8210
8213
8215
8217
8219
8222
8224
8226
8228
8230
8232
8234
8235
8236
8238
8240
8244
8245
8247
8249
8250
8252
8254
8256
8258
8260
8262
8264
8266
8268
8270
8274
8276
8278
8279
8282
8284
8285
8287
8289
8291
8293
8295
8298
8300
8302
8304
8306
8308
8310
8313
8314
8317
8318
8320
8323
8325
8327
8329
8331
8334
8337
8339
8341
8343
8345
8347
8349
8351
8353
8355
8357
8359
8361
8363
8365
8369
8371
8374
8376
8379
8381
8383
8385
8388
8390
8392
8395
8397
8399
8401
8402
8404
8406
8408
8410
8413
8415
8416
8417
8447
8449
8451
8453
8455
8458
8461
8463
8466
8468
8470
8472
8474
8476
8478
8480
8482
8485
8487
8489
8491
8493
8495
8496
8498
8500
8502
8503
8504
8505
8507
8509
8511
8513
8516
8518
8520
8522
8524
8526
8528
8530
8532
8534
8536
8538
8540
8542
8544
8546
8549
8551
8552
8554
8556
8558
8560
8563
8566
8568
8570
8573
8575
8577
8579
8581
8583
8585
8587
8590
8592
8594
8595
8597
8599
8600
8602
8604
8606
8608
8610
8613
8615
8617
8619
8621
8623
8625
8627
8629
8630
8634
8636
8638
8640
8642
8643
8645
8649
8651
8653
8655
8657
8659
8662
8663
8665
8667
8669
8671
8673
8676
8678
8680
8683
8685
8687
8689
8691
8693
8695
8697
8698
8700
8702
8704
8706
8708
8710
8712
8714
8716
8718
8720
8722
8724
8726
8728
8730
8732
8735
8737
8739
8742
8746
8747
8749
8751
8753
8756
8758
8760
8762
8764
8766
8767
8769
8771
8773
8775
8777
8779
8781
8783
8785
8787
8789
8791
8792
8794
8797
8798
8801
8803
8805
8807
8809
8811
8813
8815
8820
8821
8823
8825
8828
8830
8832
8835
8837
8838
8840
8842
8844
8846
8849
8851
8853
8855
8857
8860
8862
8865
8869
8872
8874
8876
8877
8879
8882
8884
8886
8888
8890
8892
8894
8896
8898
8900
8902
8904
8906
8908
8909
8911
8912
8914
8916
8918
8920
8922
8924
8926
8928
8931
8933
8935
8937
8940
8942
8943
8947
8949
8952
8954
8956
8959
8960
8962
8964
8966
8968
8970
8972
8975
8978
8979
8981
8983
8985
8987
8989
8991
8993
8995
8997
8999
9001
9003
9006
9009
9011
9013
9016
9018
9020
9022
9024
9026
9028
9030
9032
9034
9036
9038
9040
9042
9044
9046
9048
9050
9051
9053
9056
9058
9060
9061
9063
9065
9067
9069
9071
9073
9075
9078
9081
9083
9084
9087
9090
9091
9093
9095
9097
9099
9102
9104
9105
9108
9110
9112
9114
9116
9118
9120
9122
9124
9126
9128
9129
9131
9134
9138
9140
9143
9144
9148
9150
9152
9154
9158
9162
9164
9166
9168
9170
9173
9174
9176
9179
9181
9183
9187
9189
9191
9193
9197
9199
9201
9203
9205
9207
9210
9213
9215
9217
9219
9221
9223
9225
9227
9229
9231
9233
9235
9237
9239
9241
9243
9245
9249
9252
9255
9257
9259
9261
9263
9265
9267
9269
9271
9273
9275
9276
9278
9280
9282
9284
9286
9288
9290
9292
9294
9297
9299
9302
9304
9305
9307
9309
9311
9313
9315
9317
9320
9322
9324
9325
9329
9330
9332
9334
9337
9340
9342
9344
9346
9349
9351
9353
9355
9357
9359
9361
9362
9363
9365
9367
9371
9372
9374
9376
9377
9379
9381
9383
9385
9387
9389
9391
9393
9395
9397
9401
9403
9405
9406
9409
9411
9412
9414
9416
9418
9420
9422
9425
9427
9429
9431
9433
9435
9437
9440
9441
9444
9445
9447
9450
9452
9454
9456
9458
9461
9464
9466
9468
9470
9472
9474
9476
9478
9480
9482
9484
9486
9488
9490
9492
9496
9498
9501
9503
9506
9508
9510
9512
9515
9517
9519
9522
9524
9526
9528
9529
9531
9533
9535
9537
9540
9542
9543
9544
9546
9548
9550
9552
9554
9556
9558
9560
9563
9566
9568
9571
9573
9575
9577
9579
9581
9583
9585
9587
9590
9592
9594
9596
9598
9600
9601
9603
9605
9607
9608
9609
9610
9612
9614
9616
9618
9621
9623
9625
9627
9629
9631
9633
9635
9637
9639
9641
9643
9645
9647
9649
9651
9654
9656
9657
9659
9661
9663
9665
9668
9671
9673
9675
9678
9680
9682
9684
9686
9688
9690
9692
9695
9697
9699
9700
9702
9704
9705
9707
9709
9711
9713
9715
9718
9720
9722
9724
9726
9728
9730
9732
9734
9735
9739
9741
9743
9745
9747
9748
9750
9754
9756
9758
9760
9762
9764
9767
9768
9770
9772
9774
9776
9778
9781
9783
9785
9788
9790
9792
9794
9796
9798
9800
9802
9803
9805
9807
9809
9811
9813
9815
9817
9819
9821
9823
9825
9827
9829
9831
9833
9835
9837
9840
9842
9844
9847
9851
9852
9854
9856
9858
9861
9863
9865
9867
9869
9871
9872
9874
9876
9878
9880
9882
9884
9886
9888
9890
9892
9894
9896
9897
9899
9902
9903
9906
9908
9910
9912
9914
9916
9918
9920
9925
9926
9928
9930
9933
9935
9937
9940
9942
9943
9945
9947
9949
9951
9954
9956
9958
9960
9962
9965
9967
9970
9974
9977
9979
9981
9982
9984
9987
9989
9991
9993
9995
9997
9999
10001
10003
10005
10007
10009
10011
10013
10014
10016
10017
10019
10021
10023
10025
10027
10029
10031
10033
10036
10038
10040
10042
10045
10047
10048
10052
10054
10057
10059
10061
10064
10065
10067
10069
10071
10073
10075
10077
10080
10083
10084
10086
10088
10090
10092
10094
10096
10098
10100
10102
10104
10106
10108
10111
10114
10116
10118
10121
10123
10125
10127
10129
10131
10133
10135
10137
10139
10141
10143
10145
10147
10149
10151
10153
10155
10156
10158
10161
10163
10165
10166
10168
10170
10172
10174
10176
10178
10180
10183
10186
10188
10189
10192
10195
10196
10198
10200
10202
10204
10207
10209
10210
10213
10215
10217
10219
10221
10223
10225
10227
10229
10231
10233
10234
10236
10239
10243
10245
10248
10249
10253
10255
10257
10259
10263
10267
10269
10271
10273
10275
10278
10279
10281
10284
10286
10288
10292
10294
10296
10298
10302
10304
10306
10308
10310
10312
10315
10318
10320
10322
10324
10326
10328
10330
10332
10334
10336
10338
10340
10342
10344
10346
10348
10350
10354
10357
10360
10362
10364
10366
10368
10370
10372
10374
10376
10378
10380
10381
10383
10385
10387
10389
10391
10393
10395
10397
10399
10402
10404
10407
10409
10410
10412
10414
10416
10418
10420
10422
10425
10427
10429
10430
10434
10435
10437
10439
10442
10445
10447
10449
10451
10454
10456
10458
10460
10462
10464
10466
10467
10468
10470
10472
10476
10477
10479
10481
10482
10484
10486
10488
10490
10492
10494
10496
10498
10500
10502
10506
10508
10510
10511
10514
10516
10517
10519
10521
10523
10525
10527
10530
10532
10534
10536
10538
10540
10542
10545
10546
10549
10550
10552
10555
10557
10559
10561
10563
10566
10569
10571
10573
10575
10577
10579
10581
10583
10585
10587
10589
10591
10593
10595
10597
10601
10603
10606
10608
10611
10613
10615
10617
10620
10622
10624
10627
10629
10631
10633
10634
10636
10638
10640
10642
10645
10647
10648
10649
10651
10653
10655
10657
10659
10661
10663
10665
10668
10671
10673
10676
10678
10680
10682
10684
10686
10688
10690
10692
10695
10697
10699
10701
10703
10705
10706
10708
10710
10712
10713
10714
10715
10717
10719
10721
10723
10726
10728
10730
10732
10734
10736
10738
10740
10742
10744
10746
10748
10750
10752
10754
10756
10759
10761
10762
10764
10766
10768
10770
10773
10776
10778
10780
10783
10785
10787
10789
10791
10793
10795
10797
10800
10802
10804
10805
10807
10809
10810
10812
10814
10816
10818
10820
10823
10825
10827
10829
10831
10833
10835
10837
10839
10840
10844
10846
10848
10850
10852
10853
10855
10859
10861
10863
10865
10867
10869
10872
10873
10875
10877
10879
10881
10883
10886
10888
10890
10893
10895
10897
10899
10901
10903
10905
10907
10908
10910
10912
10914
10916
10918
10920
10922
10924
10926
10928
10930
10932
10934
10936
10938
10940
10942
10945
10947
10949
10952
10956
10957
10959
10961
10963
10966
10968
10970
10972
10974
10976
10977
10979
10981
10983
10985
10987
10989
10991
10993
10995
10997
10999
11001
11002
11004
11007
11008
11011
11013
11015
11017
11019
11021
11023
11025
11030
11031
11033
11035
11038
11040
11042
11045
11047
11048
11050
11052
11054
11056
11059
11061
11063
11065
11067
11070
11072
11075
11079
11082
11084
11086
11087
11089
11092
11094
11096
11098
11100
11102
11104
11106
11108
11110
11112
11114
11116
11118
11119
11121
11122
11124
11126
11128
11130
11132
11134
11136
11138
11141
11143
11145
11147
11150
11152
11153
11157
11159
11162
11164
11166
11169
11170
11172
11174
11176
11178
11180
11182
11185
11188
11189
11191
11193
11195
11197
11199
11201
11203
11205
11207
11209
11211
11213
11216
11219
11221
11223
11226
11228
11230
11232
11234
11236
11238
11240
11242
11244
11246
11248
11250
11252
11254
11256
11258
11260
11261
11263
11266
11268
11270
11271
11273
11275
11277
11279
11281
11283
11285
11288
11291
11293
11294
11297
11300
11301
11303
11305
11307
11309
11312
11314
11315
11318
11320
11322
11324
11326
11328
11330
11332
11334
11336
11338
11339
11341
11344
11348
11350
11353
11354
11358
11360
11362
11364
11368
11372
11374
11376
11378
11380
11383
11384
11386
11389
11391
11393
11397
11399
11401
11403
11407
11409
11411
11413
11415
11417
11420
11423
11425
11427
11429
11431
11433
11435
11437
11439
11441
11443
11445
11447
11449
11451
11453
11455
11459
11462
11465
11467
11469
11471
11473
11475
11477
11479
11481
11483
11485
11486
11488
11490
11492
11494
11496
11498
11500
11502
11504
11507
11509
11512
11514
11515
11517
11519
11521
11523
11525
11527
11530
11532
11534
11535
11539
11540
11542
11544
11547
11550
11552
11554
11556
11559
11561
11563
11565
11567
11569
11571
11572
11573
11575
11577
11581
11582
11584
11586
11587
11589
11591
11593
11595
11597
11599
11601
11603
11605
11607
11611
11613
11615
11616
11619
11621
11622
11624
11626
11628
11630
11632
11635
11637
11639
11641
11643
11645
11647
11650
11651
11654
11655
11657
11660
11662
11664
11666
11668
11671
11674
11676
11678
11680
11682
11684
11686
11688
11690
11692
11694
11696
11698
11700
11702
11706
11708
11711
11713
11716
11718
11720
11722
11725
11727
11729
11732
11734
11736
11738
11739
11741
11743
11745
11747
11750
11752
11753
11754
11756
11758
11760
11762
11764
11766
11768
11770
11773
11776
11778
11781
11783
11785
11787
11789
11791
11793
11795
11797
11800
11802
11804
11806
11808
11810
11811
11813
11815
11817
11818
11819
11820
11822
11824
11826
11828
11831
11833
11835
11837
11839
11841
11843
11845
11847
11849
11851
11853
11855
11857
11859
11861
11864
11866
11867
11869
11871
11873
11875
11878
11881
11883
11885
11888
11890
11892
11894
11896
11898
11900
11902
11905
11907
11909
11910
11912
11914
11915
11917
11919
11921
11923
11925
11928
11930
11932
11934
11936
11938
11940
11942
11944
11945
11949
11951
11953
11955
11957
11958
11960
11964
11966
11968
11970
11972
11974
11977
11978
11980
11982
11984
11986
11988
11991
11993
11995
11998
12000
12002
12004
12006
12008
12010
12012
12013
12015
12017
12019
12021
12023
12025
12027
12029
12031
12033
12035
12037
12039
12041
12043
  }
/
